7816
[216, 576, 3920, 576, 576, 720, 576, 576, 80]
[[8, 27], [8, 72], [10, 392], [8, 72], [8, 72], [10, 72], [8, 72], [8, 72], [10, 8]]
0.0851
0.3332688331604004
33.7 ; 1 ; 0.23 ; 0.3208532 ; 0.3209795 ; 0.1450
54.4 ; 2 ; 0.14 ; 0.3189877 ; 0.3191664 ; 0.1581
72.8 ; 3 ; 0.14 ; 0.3158122 ; 0.3159349 ; 0.1621
92.2 ; 4 ; 0.13 ; 0.3118463 ; 0.3119265 ; 0.1721
110.3 ; 5 ; 0.12 ; 0.3089579 ; 0.3089552 ; 0.1650
128.7 ; 6 ; 0.09 ; 0.3073008 ; 0.3070301 ; 0.1876
146.8 ; 7 ; 0.04 ; 0.3061302 ; 0.3057691 ; 0.1877
165.7 ; 8 ; 0.09 ; 0.3044537 ; 0.3040642 ; 0.1928
185.0 ; 9 ; 0.08 ; 0.3032530 ; 0.3027423 ; 0.2028
203.1 ; 10 ; 0.13 ; 0.3007972 ; 0.3003368 ; 0.2096
222.8 ; 11 ; 0.01 ; 0.3008453 ; 0.3004518 ; 0.2096
242.2 ; 12 ; 0.04 ; 0.3004618 ; 0.2999231 ; 0.2085
261.4 ; 13 ; 0.04 ; 0.3005079 ; 0.3000707 ; 0.2094
279.6 ; 14 ; 0.02 ; 0.3003825 ; 0.2998004 ; 0.2071
298.1 ; 15 ; 0.03 ; 0.2997963 ; 0.2993250 ; 0.2151
316.6 ; 16 ; 0.02 ; 0.2990881 ; 0.2986640 ; 0.2185
336.0 ; 17 ; 0.02 ; 0.2989229 ; 0.2983961 ; 0.2200
354.2 ; 18 ; 0.03 ; 0.2987474 ; 0.2981514 ; 0.2185
373.4 ; 19 ; 0.06 ; 0.2974790 ; 0.2968767 ; 0.2266
391.7 ; 20 ; 0.07 ; 0.2974016 ; 0.2966606 ; 0.2257
410.8 ; 21 ; 0.05 ; 0.2963967 ; 0.2952077 ; 0.2325
430.3 ; 22 ; 0.01 ; 0.2961787 ; 0.2948553 ; 0.2368
sigma=0.010000000000000002
447.1 ; 23 ; 0.00 ; 0.2961787 ; 0.2948553 ; 0.2368
466.4 ; 24 ; 0.36 ; 0.2952913 ; 0.2940684 ; 0.2389
485.0 ; 25 ; 0.29 ; 0.2950200 ; 0.2937860 ; 0.2414
503.2 ; 26 ; 0.21 ; 0.2944406 ; 0.2932447 ; 0.2460
521.6 ; 27 ; 0.32 ; 0.2939562 ; 0.2928466 ; 0.2459
540.9 ; 28 ; 0.26 ; 0.2935252 ; 0.2924501 ; 0.2466
559.0 ; 29 ; 0.38 ; 0.2928967 ; 0.2918392 ; 0.2494
577.5 ; 30 ; 0.26 ; 0.2924257 ; 0.2913504 ; 0.2522
596.7 ; 31 ; 0.38 ; 0.2915854 ; 0.2904312 ; 0.2577
615.0 ; 32 ; 0.32 ; 0.2910470 ; 0.2900168 ; 0.2565
634.8 ; 33 ; 0.29 ; 0.2905759 ; 0.2895293 ; 0.2568
653.5 ; 34 ; 0.28 ; 0.2901637 ; 0.2890210 ; 0.2632
671.9 ; 35 ; 0.33 ; 0.2897742 ; 0.2886257 ; 0.2666
690.2 ; 36 ; 0.22 ; 0.2894935 ; 0.2883921 ; 0.2651
708.5 ; 37 ; 0.31 ; 0.2888019 ; 0.2876951 ; 0.2700
727.9 ; 38 ; 0.24 ; 0.2884792 ; 0.2874512 ; 0.2691
745.9 ; 39 ; 0.29 ; 0.2881738 ; 0.2871470 ; 0.2717
765.3 ; 40 ; 0.28 ; 0.2876677 ; 0.2866134 ; 0.2741
783.9 ; 41 ; 0.28 ; 0.2872963 ; 0.2862889 ; 0.2755
803.2 ; 42 ; 0.27 ; 0.2868774 ; 0.2858235 ; 0.2787
821.4 ; 43 ; 0.35 ; 0.2864950 ; 0.2854148 ; 0.2795
840.6 ; 44 ; 0.29 ; 0.2861078 ; 0.2849575 ; 0.2816
858.5 ; 45 ; 0.33 ; 0.2855601 ; 0.2845483 ; 0.2887
877.4 ; 46 ; 0.26 ; 0.2852991 ; 0.2842310 ; 0.2876
896.2 ; 47 ; 0.27 ; 0.2848803 ; 0.2837234 ; 0.2896
914.3 ; 48 ; 0.24 ; 0.2845073 ; 0.2833917 ; 0.2925
933.4 ; 49 ; 0.23 ; 0.2842832 ; 0.2831311 ; 0.2933
950.9 ; 50 ; 0.28 ; 0.2839161 ; 0.2827509 ; 0.2929
969.2 ; 51 ; 0.36 ; 0.2833161 ; 0.2821436 ; 0.2952
986.9 ; 52 ; 0.26 ; 0.2830108 ; 0.2818824 ; 0.3001
1005.0 ; 53 ; 0.22 ; 0.2827172 ; 0.2816513 ; 0.2987
1023.1 ; 54 ; 0.27 ; 0.2823444 ; 0.2812915 ; 0.2996
1041.1 ; 55 ; 0.28 ; 0.2820552 ; 0.2809792 ; 0.2991
1061.3 ; 56 ; 0.25 ; 0.2816443 ; 0.2805745 ; 0.3008
1079.3 ; 57 ; 0.27 ; 0.2812996 ; 0.2802279 ; 0.3038
1098.5 ; 58 ; 0.30 ; 0.2809614 ; 0.2798634 ; 0.3048
1116.9 ; 59 ; 0.24 ; 0.2806921 ; 0.2795686 ; 0.3071
1135.1 ; 60 ; 0.32 ; 0.2803527 ; 0.2792996 ; 0.3074
1153.5 ; 61 ; 0.18 ; 0.2800839 ; 0.2790142 ; 0.3089
1171.7 ; 62 ; 0.31 ; 0.2796481 ; 0.2786818 ; 0.3077
1191.0 ; 63 ; 0.27 ; 0.2791835 ; 0.2781630 ; 0.3110
1209.3 ; 64 ; 0.22 ; 0.2789813 ; 0.2779509 ; 0.3109
1227.5 ; 65 ; 0.28 ; 0.2787800 ; 0.2778527 ; 0.3119
1245.9 ; 66 ; 0.24 ; 0.2784880 ; 0.2775195 ; 0.3122
1265.0 ; 67 ; 0.30 ; 0.2780713 ; 0.2770705 ; 0.3159
1283.0 ; 68 ; 0.25 ; 0.2775859 ; 0.2765837 ; 0.3177
1303.0 ; 69 ; 0.25 ; 0.2773201 ; 0.2763651 ; 0.3189
1321.2 ; 70 ; 0.22 ; 0.2772063 ; 0.2762478 ; 0.3199
1339.2 ; 71 ; 0.25 ; 0.2767973 ; 0.2758393 ; 0.3204
1358.4 ; 72 ; 0.23 ; 0.2765567 ; 0.2756297 ; 0.3215
1376.2 ; 73 ; 0.23 ; 0.2763981 ; 0.2754684 ; 0.3217
1394.8 ; 74 ; 0.17 ; 0.2761195 ; 0.2751052 ; 0.3243
1413.1 ; 75 ; 0.25 ; 0.2758038 ; 0.2748951 ; 0.3255
1432.3 ; 76 ; 0.16 ; 0.2757574 ; 0.2748111 ; 0.3259
1450.7 ; 77 ; 0.23 ; 0.2754224 ; 0.2744174 ; 0.3273
1470.0 ; 78 ; 0.23 ; 0.2751690 ; 0.2741570 ; 0.3291
1488.0 ; 79 ; 0.24 ; 0.2746302 ; 0.2736468 ; 0.3311
1506.4 ; 80 ; 0.16 ; 0.2745577 ; 0.2736276 ; 0.3304
1525.7 ; 81 ; 0.23 ; 0.2742870 ; 0.2733146 ; 0.3324
1544.4 ; 82 ; 0.17 ; 0.2741979 ; 0.2732383 ; 0.3310
1563.3 ; 83 ; 0.18 ; 0.2740704 ; 0.2731380 ; 0.3328
1582.3 ; 84 ; 0.23 ; 0.2735717 ; 0.2727215 ; 0.3330
1600.7 ; 85 ; 0.19 ; 0.2734377 ; 0.2726139 ; 0.3322
1619.3 ; 86 ; 0.17 ; 0.2731496 ; 0.2722918 ; 0.3361
1637.7 ; 87 ; 0.18 ; 0.2730977 ; 0.2722360 ; 0.3367
1655.6 ; 88 ; 0.29 ; 0.2725506 ; 0.2717239 ; 0.3383
1674.0 ; 89 ; 0.17 ; 0.2724262 ; 0.2716029 ; 0.3405
1692.1 ; 90 ; 0.15 ; 0.2722957 ; 0.2714791 ; 0.3382
1712.0 ; 91 ; 0.17 ; 0.2723185 ; 0.2715789 ; 0.3343
1730.9 ; 92 ; 0.20 ; 0.2719912 ; 0.2712500 ; 0.3374
1749.2 ; 93 ; 0.19 ; 0.2717916 ; 0.2709701 ; 0.3393
1767.5 ; 94 ; 0.22 ; 0.2715473 ; 0.2707664 ; 0.3387
1785.5 ; 95 ; 0.16 ; 0.2713548 ; 0.2705145 ; 0.3406
1804.3 ; 96 ; 0.17 ; 0.2710306 ; 0.2701893 ; 0.3428
1822.3 ; 97 ; 0.26 ; 0.2707355 ; 0.2698432 ; 0.3465
1840.8 ; 98 ; 0.14 ; 0.2705197 ; 0.2695868 ; 0.3453
1858.9 ; 99 ; 0.19 ; 0.2704267 ; 0.2695323 ; 0.3458
1878.4 ; 100 ; 0.19 ; 0.2703460 ; 0.2694092 ; 0.3464
1896.6 ; 101 ; 0.10 ; 0.2702571 ; 0.2693689 ; 0.3446
1914.3 ; 102 ; 0.22 ; 0.2699864 ; 0.2691311 ; 0.3449
1933.7 ; 103 ; 0.13 ; 0.2698711 ; 0.2690049 ; 0.3494
1952.0 ; 104 ; 0.14 ; 0.2696866 ; 0.2688762 ; 0.3478
1971.2 ; 105 ; 0.24 ; 0.2695800 ; 0.2687835 ; 0.3489
1989.5 ; 106 ; 0.16 ; 0.2693873 ; 0.2685596 ; 0.3490
2007.8 ; 107 ; 0.14 ; 0.2692531 ; 0.2684015 ; 0.3493
2026.0 ; 108 ; 0.22 ; 0.2692131 ; 0.2682906 ; 0.3498
2044.0 ; 109 ; 0.17 ; 0.2688096 ; 0.2678873 ; 0.3511
2062.2 ; 110 ; 0.19 ; 0.2686118 ; 0.2676934 ; 0.3517
2080.5 ; 111 ; 0.19 ; 0.2684219 ; 0.2675318 ; 0.3501
2099.9 ; 112 ; 0.17 ; 0.2681577 ; 0.2672477 ; 0.3517
2117.8 ; 113 ; 0.14 ; 0.2679959 ; 0.2671738 ; 0.3518
2137.9 ; 114 ; 0.17 ; 0.2676154 ; 0.2668413 ; 0.3537
2157.2 ; 115 ; 0.16 ; 0.2674753 ; 0.2666664 ; 0.3544
2175.6 ; 116 ; 0.16 ; 0.2672844 ; 0.2664467 ; 0.3577
2194.0 ; 117 ; 0.23 ; 0.2671662 ; 0.2664157 ; 0.3539
2213.3 ; 118 ; 0.20 ; 0.2669761 ; 0.2662328 ; 0.3549
2231.6 ; 119 ; 0.22 ; 0.2665593 ; 0.2658107 ; 0.3564
2250.8 ; 120 ; 0.13 ; 0.2665340 ; 0.2657589 ; 0.3595
2269.2 ; 121 ; 0.18 ; 0.2663492 ; 0.2656309 ; 0.3592
2288.2 ; 122 ; 0.12 ; 0.2661638 ; 0.2654074 ; 0.3596
2306.4 ; 123 ; 0.16 ; 0.2661347 ; 0.2653569 ; 0.3607
2324.7 ; 124 ; 0.20 ; 0.2657917 ; 0.2650303 ; 0.3602
2342.9 ; 125 ; 0.22 ; 0.2654842 ; 0.2646040 ; 0.3642
2362.1 ; 126 ; 0.13 ; 0.2653171 ; 0.2644680 ; 0.3656
2380.6 ; 127 ; 0.14 ; 0.2651471 ; 0.2643868 ; 0.3628
2398.7 ; 128 ; 0.13 ; 0.2650997 ; 0.2643572 ; 0.3639
2417.0 ; 129 ; 0.15 ; 0.2648532 ; 0.2641117 ; 0.3656
2436.5 ; 130 ; 0.13 ; 0.2648788 ; 0.2641009 ; 0.3661
2455.1 ; 131 ; 0.15 ; 0.2646475 ; 0.2639237 ; 0.3667
2474.3 ; 132 ; 0.07 ; 0.2645648 ; 0.2638389 ; 0.3658
2493.1 ; 133 ; 0.13 ; 0.2643920 ; 0.2637088 ; 0.3650
2510.8 ; 134 ; 0.21 ; 0.2642659 ; 0.2635093 ; 0.3670
2529.3 ; 135 ; 0.19 ; 0.2640483 ; 0.2632722 ; 0.3688
2548.7 ; 136 ; 0.15 ; 0.2638842 ; 0.2630271 ; 0.3705
2568.3 ; 137 ; 0.10 ; 0.2637400 ; 0.2628883 ; 0.3719
2586.7 ; 138 ; 0.15 ; 0.2635946 ; 0.2627716 ; 0.3722
2604.6 ; 139 ; 0.07 ; 0.2634125 ; 0.2625849 ; 0.3724
2623.1 ; 140 ; 0.13 ; 0.2633577 ; 0.2625314 ; 0.3708
2641.3 ; 141 ; 0.15 ; 0.2631465 ; 0.2623646 ; 0.3727
2659.5 ; 142 ; 0.15 ; 0.2629912 ; 0.2621762 ; 0.3744
2677.8 ; 143 ; 0.10 ; 0.2629320 ; 0.2621737 ; 0.3732
2697.0 ; 144 ; 0.16 ; 0.2628694 ; 0.2620188 ; 0.3752
2714.9 ; 145 ; 0.11 ; 0.2626804 ; 0.2618492 ; 0.3756
2733.3 ; 146 ; 0.15 ; 0.2626035 ; 0.2617466 ; 0.3742
2751.4 ; 147 ; 0.15 ; 0.2623946 ; 0.2615815 ; 0.3752
2769.7 ; 148 ; 0.09 ; 0.2624474 ; 0.2615908 ; 0.3768
2787.9 ; 149 ; 0.14 ; 0.2622911 ; 0.2615792 ; 0.3770
2805.8 ; 150 ; 0.12 ; 0.2620845 ; 0.2612921 ; 0.3774
2824.0 ; 151 ; 0.15 ; 0.2619814 ; 0.2612506 ; 0.3783
2842.5 ; 152 ; 0.22 ; 0.2616732 ; 0.2608728 ; 0.3771
2861.1 ; 153 ; 0.14 ; 0.2617488 ; 0.2609262 ; 0.3769
2879.3 ; 154 ; 0.18 ; 0.2614031 ; 0.2606655 ; 0.3788
2897.7 ; 155 ; 0.17 ; 0.2613409 ; 0.2605673 ; 0.3782
2917.1 ; 156 ; 0.14 ; 0.2612126 ; 0.2603877 ; 0.3779
2935.3 ; 157 ; 0.15 ; 0.2612861 ; 0.2604481 ; 0.3777
2953.6 ; 158 ; 0.15 ; 0.2613700 ; 0.2605112 ; 0.3803
2974.1 ; 159 ; 0.15 ; 0.2609426 ; 0.2601138 ; 0.3812
2992.7 ; 160 ; 0.16 ; 0.2607514 ; 0.2599609 ; 0.3816
3010.9 ; 161 ; 0.14 ; 0.2603865 ; 0.2596453 ; 0.3813
3029.2 ; 162 ; 0.07 ; 0.2603855 ; 0.2595687 ; 0.3847
3048.6 ; 163 ; 0.16 ; 0.2602151 ; 0.2594110 ; 0.3841
3066.7 ; 164 ; 0.20 ; 0.2600311 ; 0.2593281 ; 0.3840
3085.3 ; 165 ; 0.12 ; 0.2599397 ; 0.2591888 ; 0.3849
3105.3 ; 166 ; 0.08 ; 0.2599032 ; 0.2591831 ; 0.3837
3123.4 ; 167 ; 0.13 ; 0.2597878 ; 0.2590098 ; 0.3843
3142.1 ; 168 ; 0.09 ; 0.2596761 ; 0.2588715 ; 0.3853
3160.0 ; 169 ; 0.11 ; 0.2595430 ; 0.2587412 ; 0.3863
3178.1 ; 170 ; 0.05 ; 0.2595065 ; 0.2587057 ; 0.3864
3196.2 ; 171 ; 0.08 ; 0.2594175 ; 0.2586659 ; 0.3864
3215.4 ; 172 ; 0.09 ; 0.2592899 ; 0.2585984 ; 0.3859
3233.9 ; 173 ; 0.13 ; 0.2593233 ; 0.2586091 ; 0.3867
3252.3 ; 174 ; 0.16 ; 0.2590868 ; 0.2583232 ; 0.3876
3271.5 ; 175 ; 0.16 ; 0.2590218 ; 0.2582618 ; 0.3869
3289.4 ; 176 ; 0.18 ; 0.2588337 ; 0.2581367 ; 0.3904
3307.3 ; 177 ; 0.10 ; 0.2588579 ; 0.2581433 ; 0.3896
3325.7 ; 178 ; 0.11 ; 0.2588400 ; 0.2580735 ; 0.3895
3344.1 ; 179 ; 0.13 ; 0.2587114 ; 0.2579841 ; 0.3900
3362.5 ; 180 ; 0.11 ; 0.2585472 ; 0.2578018 ; 0.3875
3382.5 ; 181 ; 0.10 ; 0.2583264 ; 0.2576406 ; 0.3877
3401.3 ; 182 ; 0.09 ; 0.2583491 ; 0.2576499 ; 0.3883
3420.6 ; 183 ; 0.06 ; 0.2582447 ; 0.2575295 ; 0.3880
3439.1 ; 184 ; 0.14 ; 0.2581235 ; 0.2574256 ; 0.3906
3457.1 ; 185 ; 0.10 ; 0.2579415 ; 0.2572543 ; 0.3912
3476.0 ; 186 ; 0.10 ; 0.2579150 ; 0.2572574 ; 0.3926
3494.2 ; 187 ; 0.15 ; 0.2578348 ; 0.2570917 ; 0.3924
3514.3 ; 188 ; 0.10 ; 0.2577265 ; 0.2570551 ; 0.3922
3532.6 ; 189 ; 0.14 ; 0.2576769 ; 0.2570014 ; 0.3903
3551.0 ; 190 ; 0.07 ; 0.2575783 ; 0.2568648 ; 0.3920
3569.3 ; 191 ; 0.10 ; 0.2574457 ; 0.2567704 ; 0.3916
3587.5 ; 192 ; 0.15 ; 0.2572461 ; 0.2565460 ; 0.3929
3606.0 ; 193 ; 0.12 ; 0.2571678 ; 0.2564676 ; 0.3933
3624.5 ; 194 ; 0.09 ; 0.2570957 ; 0.2564139 ; 0.3917
3642.8 ; 195 ; 0.14 ; 0.2570751 ; 0.2563902 ; 0.3933
3661.4 ; 196 ; 0.13 ; 0.2568640 ; 0.2562088 ; 0.3939
3679.5 ; 197 ; 0.16 ; 0.2567358 ; 0.2561035 ; 0.3951
3697.8 ; 198 ; 0.13 ; 0.2565993 ; 0.2559041 ; 0.3963
3716.9 ; 199 ; 0.10 ; 0.2565705 ; 0.2558999 ; 0.3933
3750.6 ; 201 ; 0.08 ; 0.2564244 ; 0.2556832 ; 0.3966
3768.5 ; 202 ; 0.08 ; 0.2563586 ; 0.2556682 ; 0.3957
3786.5 ; 203 ; 0.13 ; 0.2562425 ; 0.2555750 ; 0.3959
3806.5 ; 204 ; 0.10 ; 0.2560687 ; 0.2553618 ; 0.3969
3824.7 ; 205 ; 0.09 ; 0.2560322 ; 0.2553605 ; 0.3956
3843.2 ; 206 ; 0.10 ; 0.2558655 ; 0.2550678 ; 0.3980
3861.3 ; 207 ; 0.16 ; 0.2558094 ; 0.2549778 ; 0.3969
3879.7 ; 208 ; 0.07 ; 0.2557828 ; 0.2549281 ; 0.3988
3898.9 ; 209 ; 0.09 ; 0.2556848 ; 0.2548609 ; 0.3976
3917.4 ; 210 ; 0.05 ; 0.2557099 ; 0.2548841 ; 0.3975
3936.7 ; 211 ; 0.17 ; 0.2554495 ; 0.2546276 ; 0.3993
3955.9 ; 212 ; 0.05 ; 0.2554090 ; 0.2545915 ; 0.3988
3974.6 ; 213 ; 0.06 ; 0.2553813 ; 0.2545520 ; 0.4011
3993.9 ; 214 ; 0.15 ; 0.2551869 ; 0.2544592 ; 0.3994
4012.1 ; 215 ; 0.21 ; 0.2552126 ; 0.2544605 ; 0.3986
4030.6 ; 216 ; 0.12 ; 0.2550848 ; 0.2543423 ; 0.3996
4049.8 ; 217 ; 0.11 ; 0.2549962 ; 0.2542128 ; 0.4015
4068.5 ; 218 ; 0.12 ; 0.2548701 ; 0.2540554 ; 0.4034
4087.8 ; 219 ; 0.17 ; 0.2547017 ; 0.2539513 ; 0.4025
4106.3 ; 220 ; 0.09 ; 0.2546044 ; 0.2538816 ; 0.4026
4124.8 ; 221 ; 0.05 ; 0.2544971 ; 0.2537439 ; 0.4029
4143.2 ; 222 ; 0.11 ; 0.2544053 ; 0.2537487 ; 0.4012
4161.4 ; 223 ; 0.17 ; 0.2541958 ; 0.2534980 ; 0.4050
4179.5 ; 224 ; 0.05 ; 0.2542153 ; 0.2535031 ; 0.4028
4196.9 ; 225 ; 0.07 ; 0.2542887 ; 0.2535667 ; 0.4041
4216.9 ; 226 ; 0.11 ; 0.2540612 ; 0.2533542 ; 0.4040
4235.8 ; 227 ; 0.07 ; 0.2539302 ; 0.2531933 ; 0.4043
4255.1 ; 228 ; 0.08 ; 0.2539834 ; 0.2533055 ; 0.4047
4273.4 ; 229 ; 0.04 ; 0.2539388 ; 0.2532448 ; 0.4037
4292.0 ; 230 ; 0.09 ; 0.2537687 ; 0.2531161 ; 0.4033
4310.7 ; 231 ; 0.13 ; 0.2536550 ; 0.2529886 ; 0.4060
4330.5 ; 232 ; 0.10 ; 0.2535161 ; 0.2528424 ; 0.4057
4349.5 ; 233 ; 0.12 ; 0.2535512 ; 0.2528383 ; 0.4062
4368.9 ; 234 ; 0.12 ; 0.2535305 ; 0.2528346 ; 0.4058
4387.3 ; 235 ; 0.24 ; 0.2534051 ; 0.2527441 ; 0.4070
4406.8 ; 236 ; 0.05 ; 0.2534430 ; 0.2528016 ; 0.4068
4425.0 ; 237 ; 0.07 ; 0.2533417 ; 0.2526894 ; 0.4062
4444.4 ; 238 ; 0.13 ; 0.2532648 ; 0.2526194 ; 0.4071
4463.0 ; 239 ; 0.07 ; 0.2531385 ; 0.2525133 ; 0.4063
4481.8 ; 240 ; 0.08 ; 0.2530419 ; 0.2524257 ; 0.4051
4501.0 ; 241 ; 0.13 ; 0.2529452 ; 0.2522921 ; 0.4066
4519.1 ; 242 ; 0.09 ; 0.2528713 ; 0.2521887 ; 0.4068
4537.8 ; 243 ; 0.11 ; 0.2528208 ; 0.2520919 ; 0.4072
4556.2 ; 244 ; 0.12 ; 0.2527066 ; 0.2520540 ; 0.4087
4575.8 ; 245 ; 0.05 ; 0.2527058 ; 0.2520856 ; 0.4085
4594.2 ; 246 ; 0.15 ; 0.2524089 ; 0.2517957 ; 0.4092
4613.1 ; 247 ; 0.11 ; 0.2523515 ; 0.2517539 ; 0.4088
4633.3 ; 248 ; 0.13 ; 0.2522545 ; 0.2516982 ; 0.4099
4652.8 ; 249 ; 0.07 ; 0.2522976 ; 0.2517616 ; 0.4085
4670.6 ; 250 ; 0.08 ; 0.2521448 ; 0.2516121 ; 0.4092
4689.1 ; 251 ; 0.15 ; 0.2519908 ; 0.2514468 ; 0.4102
4707.6 ; 252 ; 0.12 ; 0.2519399 ; 0.2514366 ; 0.4081
4727.0 ; 253 ; 0.07 ; 0.2517919 ; 0.2512349 ; 0.4109
4746.5 ; 254 ; 0.09 ; 0.2517851 ; 0.2511784 ; 0.4136
4764.7 ; 255 ; 0.08 ; 0.2517109 ; 0.2511274 ; 0.4130
4783.6 ; 256 ; 0.11 ; 0.2517677 ; 0.2512173 ; 0.4112
4803.0 ; 257 ; 0.10 ; 0.2516497 ; 0.2511368 ; 0.4103
4822.0 ; 258 ; 0.17 ; 0.2514645 ; 0.2509781 ; 0.4089
4841.6 ; 259 ; 0.07 ; 0.2514472 ; 0.2508969 ; 0.4106
4860.1 ; 260 ; 0.17 ; 0.2512368 ; 0.2507182 ; 0.4104
4878.8 ; 261 ; 0.09 ; 0.2511853 ; 0.2506681 ; 0.4099
4897.3 ; 262 ; 0.09 ; 0.2511865 ; 0.2506859 ; 0.4104
4916.8 ; 263 ; 0.11 ; 0.2511993 ; 0.2506066 ; 0.4110
4935.3 ; 264 ; 0.13 ; 0.2510325 ; 0.2504167 ; 0.4106
4953.9 ; 265 ; 0.06 ; 0.2510618 ; 0.2504747 ; 0.4104
4972.9 ; 266 ; 0.09 ; 0.2508650 ; 0.2502617 ; 0.4107
4992.2 ; 267 ; 0.07 ; 0.2508255 ; 0.2502410 ; 0.4118
5011.0 ; 268 ; 0.09 ; 0.2507342 ; 0.2500913 ; 0.4133
5030.6 ; 269 ; 0.07 ; 0.2507259 ; 0.2501247 ; 0.4130
5049.6 ; 270 ; 0.14 ; 0.2507744 ; 0.2501160 ; 0.4147
5068.7 ; 271 ; 0.07 ; 0.2507080 ; 0.2499683 ; 0.4149
5087.2 ; 272 ; 0.11 ; 0.2505652 ; 0.2498041 ; 0.4142
5106.0 ; 273 ; 0.13 ; 0.2505479 ; 0.2498118 ; 0.4143
5125.5 ; 274 ; 0.10 ; 0.2504157 ; 0.2497119 ; 0.4157
5144.3 ; 275 ; 0.09 ; 0.2503666 ; 0.2496120 ; 0.4158
5163.2 ; 276 ; 0.10 ; 0.2503980 ; 0.2497126 ; 0.4152
5182.7 ; 277 ; 0.06 ; 0.2502428 ; 0.2495837 ; 0.4147
5200.8 ; 278 ; 0.07 ; 0.2502082 ; 0.2495024 ; 0.4155
5219.3 ; 279 ; 0.07 ; 0.2500898 ; 0.2493688 ; 0.4161
5237.6 ; 280 ; 0.08 ; 0.2500290 ; 0.2493759 ; 0.4161
5255.8 ; 281 ; 0.11 ; 0.2498710 ; 0.2491209 ; 0.4163
5274.1 ; 282 ; 0.09 ; 0.2499233 ; 0.2492460 ; 0.4167
5292.3 ; 283 ; 0.10 ; 0.2498596 ; 0.2492889 ; 0.4164
5311.7 ; 284 ; 0.10 ; 0.2496640 ; 0.2491562 ; 0.4175
5330.4 ; 285 ; 0.06 ; 0.2496612 ; 0.2491278 ; 0.4172
5349.9 ; 286 ; 0.10 ; 0.2496580 ; 0.2491437 ; 0.4170
5368.0 ; 287 ; 0.06 ; 0.2495520 ; 0.2490162 ; 0.4181
5386.4 ; 288 ; 0.09 ; 0.2495034 ; 0.2489849 ; 0.4171
5404.9 ; 289 ; 0.09 ; 0.2494529 ; 0.2489570 ; 0.4165
5424.5 ; 290 ; 0.05 ; 0.2494006 ; 0.2488452 ; 0.4177
5442.5 ; 291 ; 0.07 ; 0.2494337 ; 0.2489080 ; 0.4163
5462.0 ; 292 ; 0.06 ; 0.2493276 ; 0.2487202 ; 0.4174
5481.3 ; 293 ; 0.06 ; 0.2493273 ; 0.2487471 ; 0.4180
5500.8 ; 294 ; 0.10 ; 0.2490672 ; 0.2485087 ; 0.4185
5519.6 ; 295 ; 0.12 ; 0.2489123 ; 0.2483286 ; 0.4188
5537.9 ; 296 ; 0.12 ; 0.2487457 ; 0.2481522 ; 0.4186
5557.3 ; 297 ; 0.15 ; 0.2487682 ; 0.2482207 ; 0.4174
5576.7 ; 298 ; 0.11 ; 0.2486549 ; 0.2480721 ; 0.4195
5594.7 ; 299 ; 0.05 ; 0.2486335 ; 0.2480326 ; 0.4189
5629.6 ; 1 ; 0.10 ; 0.2484720 ; 0.2479068 ; 0.4188
5648.3 ; 2 ; 0.11 ; 0.2483485 ; 0.2477932 ; 0.4181
5667.0 ; 3 ; 0.10 ; 0.2482562 ; 0.2476671 ; 0.4185
5686.5 ; 4 ; 0.01 ; 0.2482683 ; 0.2476806 ; 0.4188
5705.0 ; 5 ; 0.04 ; 0.2482285 ; 0.2476037 ; 0.4189
5723.4 ; 6 ; 0.15 ; 0.2481098 ; 0.2474084 ; 0.4202
5741.7 ; 7 ; 0.10 ; 0.2481726 ; 0.2475217 ; 0.4182
5760.6 ; 8 ; 0.04 ; 0.2481135 ; 0.2474783 ; 0.4194
5779.3 ; 9 ; 0.08 ; 0.2478901 ; 0.2472168 ; 0.4187
5798.9 ; 10 ; 0.12 ; 0.2479582 ; 0.2472740 ; 0.4183
5817.3 ; 11 ; 0.10 ; 0.2478896 ; 0.2472170 ; 0.4203
5836.0 ; 12 ; 0.12 ; 0.2476971 ; 0.2470322 ; 0.4206
5854.5 ; 13 ; 0.06 ; 0.2477009 ; 0.2470150 ; 0.4202
5872.7 ; 14 ; 0.06 ; 0.2476517 ; 0.2469542 ; 0.4199
5892.3 ; 15 ; 0.09 ; 0.2477065 ; 0.2470592 ; 0.4205
5911.4 ; 16 ; 0.07 ; 0.2475810 ; 0.2468911 ; 0.4194
5930.2 ; 17 ; 0.06 ; 0.2475653 ; 0.2468814 ; 0.4194
5948.6 ; 18 ; 0.10 ; 0.2475176 ; 0.2468387 ; 0.4194
5966.3 ; 19 ; 0.05 ; 0.2475767 ; 0.2468760 ; 0.4199
5986.0 ; 20 ; 0.06 ; 0.2474950 ; 0.2468211 ; 0.4190
6004.7 ; 21 ; 0.04 ; 0.2474209 ; 0.2467048 ; 0.4212
6022.9 ; 22 ; 0.03 ; 0.2474035 ; 0.2466732 ; 0.4200
6041.5 ; 23 ; 0.11 ; 0.2473485 ; 0.2466283 ; 0.4193
6059.6 ; 24 ; 0.08 ; 0.2472424 ; 0.2465771 ; 0.4189
6078.2 ; 25 ; 0.10 ; 0.2473384 ; 0.2467829 ; 0.4171
6097.6 ; 26 ; 0.10 ; 0.2470924 ; 0.2464597 ; 0.4211
6116.5 ; 27 ; 0.11 ; 0.2471284 ; 0.2464902 ; 0.4215
6136.0 ; 28 ; 0.11 ; 0.2470798 ; 0.2464441 ; 0.4201
6154.7 ; 29 ; 0.08 ; 0.2469619 ; 0.2463357 ; 0.4206
6174.0 ; 30 ; 0.11 ; 0.2467582 ; 0.2461779 ; 0.4202
6192.3 ; 31 ; 0.08 ; 0.2466605 ; 0.2460839 ; 0.4208
6210.9 ; 32 ; 0.14 ; 0.2465022 ; 0.2459511 ; 0.4225
6228.9 ; 33 ; 0.10 ; 0.2465231 ; 0.2459494 ; 0.4232
6247.7 ; 34 ; 0.08 ; 0.2465403 ; 0.2459821 ; 0.4222
6267.2 ; 35 ; 0.13 ; 0.2465066 ; 0.2459014 ; 0.4218
6285.9 ; 36 ; 0.03 ; 0.2464720 ; 0.2458408 ; 0.4227
6305.9 ; 37 ; 0.03 ; 0.2464985 ; 0.2458895 ; 0.4219
6324.7 ; 38 ; 0.07 ; 0.2463918 ; 0.2457982 ; 0.4214
6343.0 ; 39 ; 0.12 ; 0.2462342 ; 0.2455910 ; 0.4220
6361.5 ; 40 ; 0.08 ; 0.2462527 ; 0.2456461 ; 0.4214
6380.9 ; 41 ; 0.14 ; 0.2459882 ; 0.2454052 ; 0.4227
6400.4 ; 42 ; 0.12 ; 0.2460222 ; 0.2454367 ; 0.4233
6419.9 ; 43 ; 0.17 ; 0.2458729 ; 0.2452308 ; 0.4238
6438.1 ; 44 ; 0.05 ; 0.2458801 ; 0.2451768 ; 0.4246
6457.6 ; 45 ; 0.06 ; 0.2458330 ; 0.2451709 ; 0.4235
6476.2 ; 46 ; 0.14 ; 0.2456536 ; 0.2449352 ; 0.4254
6493.8 ; 47 ; 0.05 ; 0.2456726 ; 0.2450270 ; 0.4260
6512.4 ; 48 ; 0.05 ; 0.2455273 ; 0.2448813 ; 0.4257
6531.7 ; 49 ; 0.05 ; 0.2455119 ; 0.2448543 ; 0.4252
6549.4 ; 50 ; 0.04 ; 0.2454880 ; 0.2447789 ; 0.4265
6568.0 ; 51 ; 0.06 ; 0.2454239 ; 0.2447485 ; 0.4257
6586.1 ; 52 ; 0.04 ; 0.2454111 ; 0.2447549 ; 0.4260
6604.9 ; 53 ; 0.04 ; 0.2453173 ; 0.2446910 ; 0.4260
6623.4 ; 54 ; 0.08 ; 0.2452165 ; 0.2445726 ; 0.4276
6641.8 ; 55 ; 0.05 ; 0.2452543 ; 0.2446782 ; 0.4266
6660.2 ; 56 ; 0.02 ; 0.2451991 ; 0.2446162 ; 0.4267
6679.7 ; 57 ; 0.06 ; 0.2451910 ; 0.2445808 ; 0.4252
6697.9 ; 58 ; 0.09 ; 0.2451559 ; 0.2445010 ; 0.4282
6717.5 ; 59 ; 0.06 ; 0.2450950 ; 0.2444502 ; 0.4272
6736.5 ; 60 ; 0.07 ; 0.2451058 ; 0.2444314 ; 0.4277
6755.2 ; 61 ; 0.16 ; 0.2449767 ; 0.2443472 ; 0.4253
6774.7 ; 62 ; 0.08 ; 0.2448635 ; 0.2441903 ; 0.4275
6793.1 ; 63 ; 0.06 ; 0.2448592 ; 0.2441953 ; 0.4279
6812.3 ; 64 ; 0.05 ; 0.2448743 ; 0.2442038 ; 0.4275
6831.6 ; 65 ; 0.07 ; 0.2448011 ; 0.2442975 ; 0.4257
6849.9 ; 66 ; 0.06 ; 0.2447694 ; 0.2442776 ; 0.4256
6868.6 ; 67 ; 0.09 ; 0.2446539 ; 0.2441397 ; 0.4278
6886.8 ; 68 ; 0.09 ; 0.2445287 ; 0.2439388 ; 0.4289
6906.4 ; 69 ; 0.03 ; 0.2445817 ; 0.2440596 ; 0.4281
6924.4 ; 70 ; 0.03 ; 0.2446833 ; 0.2442031 ; 0.4267
6943.8 ; 71 ; 0.05 ; 0.2446114 ; 0.2441006 ; 0.4266
6962.2 ; 72 ; 0.03 ; 0.2445599 ; 0.2440492 ; 0.4271
6980.6 ; 73 ; 0.08 ; 0.2442933 ; 0.2437284 ; 0.4282
7000.1 ; 74 ; 0.06 ; 0.2443106 ; 0.2438036 ; 0.4268
7018.9 ; 75 ; 0.11 ; 0.2442504 ; 0.2437053 ; 0.4273
7038.4 ; 76 ; 0.04 ; 0.2443018 ; 0.2437143 ; 0.4286
7057.3 ; 77 ; 0.07 ; 0.2441099 ; 0.2434324 ; 0.4281
7076.8 ; 78 ; 0.06 ; 0.2441069 ; 0.2434617 ; 0.4286
7094.7 ; 79 ; 0.04 ; 0.2441409 ; 0.2435037 ; 0.4276
7113.3 ; 80 ; 0.03 ; 0.2441004 ; 0.2434321 ; 0.4290
7132.3 ; 81 ; 0.07 ; 0.2440664 ; 0.2433897 ; 0.4292
7152.0 ; 82 ; 0.05 ; 0.2439821 ; 0.2433402 ; 0.4296
7170.8 ; 83 ; 0.08 ; 0.2439448 ; 0.2433021 ; 0.4279
7188.9 ; 84 ; 0.08 ; 0.2438421 ; 0.2432016 ; 0.4296
7207.6 ; 85 ; 0.08 ; 0.2437533 ; 0.2431015 ; 0.4321
7226.5 ; 86 ; 0.04 ; 0.2437797 ; 0.2431547 ; 0.4299
7244.6 ; 87 ; 0.07 ; 0.2436898 ; 0.2430653 ; 0.4303
7264.0 ; 88 ; 0.07 ; 0.2437338 ; 0.2431649 ; 0.4307
7282.0 ; 89 ; 0.07 ; 0.2435868 ; 0.2430240 ; 0.4310
7300.7 ; 90 ; 0.11 ; 0.2434550 ; 0.2429285 ; 0.4312
7320.2 ; 91 ; 0.10 ; 0.2434253 ; 0.2429199 ; 0.4320
7338.3 ; 92 ; 0.10 ; 0.2433356 ; 0.2428386 ; 0.4311
7356.9 ; 93 ; 0.05 ; 0.2432675 ; 0.2427773 ; 0.4318
7375.2 ; 94 ; 0.02 ; 0.2432369 ; 0.2427609 ; 0.4301
7393.6 ; 95 ; 0.07 ; 0.2433447 ; 0.2428728 ; 0.4298
7412.9 ; 96 ; 0.04 ; 0.2432212 ; 0.2427486 ; 0.4312
7431.4 ; 97 ; 0.05 ; 0.2432082 ; 0.2426777 ; 0.4317
7450.8 ; 98 ; 0.07 ; 0.2431799 ; 0.2426564 ; 0.4315
7469.2 ; 99 ; 0.11 ; 0.2430489 ; 0.2425108 ; 0.4309
7504.1 ; 1 ; 0.03 ; 0.2430098 ; 0.2425390 ; 0.4317
7522.7 ; 2 ; 0.04 ; 0.2429534 ; 0.2424634 ; 0.4306
7540.7 ; 3 ; 0.09 ; 0.2430173 ; 0.2425379 ; 0.4304
7559.7 ; 4 ; 0.06 ; 0.2429210 ; 0.2423854 ; 0.4315
7579.8 ; 5 ; 0.12 ; 0.2428493 ; 0.2422858 ; 0.4332
7598.8 ; 6 ; 0.09 ; 0.2427816 ; 0.2421772 ; 0.4347
7618.3 ; 7 ; 0.08 ; 0.2426257 ; 0.2420851 ; 0.4336
7636.7 ; 8 ; 0.10 ; 0.2424691 ; 0.2418803 ; 0.4347
7655.3 ; 9 ; 0.01 ; 0.2424470 ; 0.2419027 ; 0.4336
7673.8 ; 10 ; 0.06 ; 0.2425138 ; 0.2420288 ; 0.4323
7693.3 ; 11 ; 0.06 ; 0.2424315 ; 0.2419243 ; 0.4338
7711.7 ; 12 ; 0.05 ; 0.2423685 ; 0.2419140 ; 0.4331
7731.0 ; 13 ; 0.07 ; 0.2423302 ; 0.2418129 ; 0.4333
7748.9 ; 14 ; 0.04 ; 0.2423248 ; 0.2418009 ; 0.4346
7767.2 ; 15 ; 0.06 ; 0.2423107 ; 0.2418421 ; 0.4338
7786.1 ; 16 ; 0.04 ; 0.2422799 ; 0.2417435 ; 0.4351
7803.6 ; 17 ; 0.01 ; 0.2422946 ; 0.2417719 ; 0.4348
7822.6 ; 18 ; 0.07 ; 0.2422348 ; 0.2416447 ; 0.4355
7842.0 ; 19 ; 0.08 ; 0.2422236 ; 0.2417455 ; 0.4339
7860.5 ; 20 ; 0.13 ; 0.2420490 ; 0.2416325 ; 0.4333
7880.0 ; 21 ; 0.05 ; 0.2418850 ; 0.2414304 ; 0.4358
7898.0 ; 22 ; 0.03 ; 0.2418803 ; 0.2413854 ; 0.4346
7917.2 ; 23 ; 0.01 ; 0.2419109 ; 0.2414440 ; 0.4344
7935.9 ; 24 ; 0.05 ; 0.2419271 ; 0.2415124 ; 0.4342
7953.8 ; 25 ; 0.03 ; 0.2418749 ; 0.2414420 ; 0.4331
7972.6 ; 26 ; 0.05 ; 0.2419931 ; 0.2415953 ; 0.4345
7991.8 ; 27 ; 0.11 ; 0.2418032 ; 0.2413888 ; 0.4333
8010.4 ; 28 ; 0.02 ; 0.2417655 ; 0.2413555 ; 0.4345
8028.4 ; 29 ; 0.07 ; 0.2416311 ; 0.2411908 ; 0.4337
8047.7 ; 30 ; 0.08 ; 0.2416873 ; 0.2411746 ; 0.4351
8066.5 ; 31 ; 0.05 ; 0.2416280 ; 0.2411433 ; 0.4346
8085.3 ; 32 ; 0.09 ; 0.2415093 ; 0.2409843 ; 0.4346
8103.7 ; 33 ; 0.02 ; 0.2415784 ; 0.2410475 ; 0.4341
8122.6 ; 34 ; 0.10 ; 0.2415014 ; 0.2409101 ; 0.4347
8140.8 ; 35 ; 0.09 ; 0.2414618 ; 0.2407939 ; 0.4372
8159.5 ; 36 ; 0.11 ; 0.2413581 ; 0.2408169 ; 0.4367
8178.2 ; 37 ; 0.06 ; 0.2413389 ; 0.2408812 ; 0.4365
8197.7 ; 38 ; 0.04 ; 0.2411870 ; 0.2406880 ; 0.4345
8216.0 ; 39 ; 0.07 ; 0.2412556 ; 0.2407717 ; 0.4354
8234.4 ; 40 ; 0.08 ; 0.2411644 ; 0.2406175 ; 0.4345
8252.7 ; 41 ; 0.06 ; 0.2410682 ; 0.2405342 ; 0.4362
8269.8 ; 42 ; 0.03 ; 0.2410758 ; 0.2405884 ; 0.4366
8289.3 ; 43 ; 0.06 ; 0.2410591 ; 0.2405608 ; 0.4375
8308.1 ; 44 ; 0.06 ; 0.2409027 ; 0.2403344 ; 0.4379
8326.6 ; 45 ; 0.05 ; 0.2409105 ; 0.2404479 ; 0.4368
8345.4 ; 46 ; 0.05 ; 0.2408383 ; 0.2404099 ; 0.4369
8364.9 ; 47 ; 0.11 ; 0.2407904 ; 0.2402526 ; 0.4405
8383.6 ; 48 ; 0.05 ; 0.2407449 ; 0.2402357 ; 0.4380
sigma=0.010000000000000002
8404.0 ; 49 ; 0.00 ; 0.2407449 ; 0.2402357 ; 0.4380
8423.6 ; 50 ; 0.06 ; 0.2408116 ; 0.2403172 ; 0.4392
8443.0 ; 51 ; 0.03 ; 0.2407317 ; 0.2402242 ; 0.4403
8463.2 ; 52 ; 0.12 ; 0.2406537 ; 0.2401178 ; 0.4377
8481.9 ; 53 ; 0.05 ; 0.2406962 ; 0.2401258 ; 0.4390
8501.2 ; 54 ; 0.11 ; 0.2406079 ; 0.2401268 ; 0.4369
8519.8 ; 55 ; 0.10 ; 0.2405240 ; 0.2400061 ; 0.4393
8538.3 ; 56 ; 0.06 ; 0.2404684 ; 0.2400118 ; 0.4379
8557.4 ; 57 ; 0.06 ; 0.2403488 ; 0.2398177 ; 0.4396
8574.8 ; 58 ; 0.02 ; 0.2403642 ; 0.2398365 ; 0.4394
8594.3 ; 59 ; 0.07 ; 0.2404449 ; 0.2399289 ; 0.4401
8612.3 ; 60 ; 0.08 ; 0.2403231 ; 0.2397576 ; 0.4402
8631.0 ; 61 ; 0.05 ; 0.2403508 ; 0.2398398 ; 0.4388
8649.4 ; 62 ; 0.04 ; 0.2403368 ; 0.2398374 ; 0.4393
8668.1 ; 63 ; 0.07 ; 0.2402660 ; 0.2397765 ; 0.4388
8686.6 ; 64 ; 0.09 ; 0.2401340 ; 0.2395825 ; 0.4411
8704.5 ; 65 ; 0.05 ; 0.2401591 ; 0.2396215 ; 0.4418
8723.5 ; 66 ; 0.05 ; 0.2400194 ; 0.2394884 ; 0.4401
8742.0 ; 67 ; 0.06 ; 0.2399981 ; 0.2394373 ; 0.4410
8759.4 ; 68 ; 0.02 ; 0.2399659 ; 0.2394255 ; 0.4407
8778.1 ; 69 ; 0.04 ; 0.2399904 ; 0.2394014 ; 0.4419
8795.9 ; 70 ; 0.07 ; 0.2398792 ; 0.2392686 ; 0.4418
8815.1 ; 71 ; 0.06 ; 0.2399309 ; 0.2393714 ; 0.4409
8833.8 ; 72 ; 0.05 ; 0.2400201 ; 0.2394257 ; 0.4410
8852.6 ; 73 ; 0.08 ; 0.2399628 ; 0.2393933 ; 0.4420
8871.9 ; 74 ; 0.04 ; 0.2398944 ; 0.2393474 ; 0.4422
8889.9 ; 75 ; 0.08 ; 0.2397250 ; 0.2391832 ; 0.4433
8908.7 ; 76 ; 0.07 ; 0.2396880 ; 0.2391180 ; 0.4410
8927.1 ; 77 ; 0.06 ; 0.2396074 ; 0.2390574 ; 0.4417
8946.4 ; 78 ; 0.10 ; 0.2395868 ; 0.2390822 ; 0.4403
8964.8 ; 79 ; 0.02 ; 0.2395814 ; 0.2390323 ; 0.4411
8983.5 ; 80 ; 0.03 ; 0.2396145 ; 0.2391052 ; 0.4418
9002.3 ; 81 ; 0.02 ; 0.2396105 ; 0.2390258 ; 0.4419
9021.5 ; 82 ; 0.04 ; 0.2395487 ; 0.2389565 ; 0.4438
9040.6 ; 83 ; 0.02 ; 0.2396010 ; 0.2390604 ; 0.4424
9060.2 ; 84 ; 0.04 ; 0.2395346 ; 0.2390000 ; 0.4419
9078.5 ; 85 ; 0.02 ; 0.2394902 ; 0.2389324 ; 0.4426
9097.3 ; 86 ; 0.03 ; 0.2394820 ; 0.2389371 ; 0.4403
9116.7 ; 87 ; 0.05 ; 0.2393335 ; 0.2388597 ; 0.4421
9135.2 ; 88 ; 0.04 ; 0.2393994 ; 0.2389067 ; 0.4429
9154.5 ; 89 ; 0.06 ; 0.2392910 ; 0.2388122 ; 0.4433
9173.2 ; 90 ; 0.06 ; 0.2393310 ; 0.2388641 ; 0.4418
9191.6 ; 91 ; 0.11 ; 0.2392002 ; 0.2386331 ; 0.4453
9209.9 ; 92 ; 0.02 ; 0.2392149 ; 0.2386587 ; 0.4447
9228.5 ; 93 ; 0.07 ; 0.2392754 ; 0.2387358 ; 0.4438
9247.8 ; 94 ; 0.11 ; 0.2392255 ; 0.2386479 ; 0.4428
9266.2 ; 95 ; 0.09 ; 0.2391024 ; 0.2384953 ; 0.4466
9285.3 ; 96 ; 0.01 ; 0.2390940 ; 0.2384821 ; 0.4462
9303.8 ; 97 ; 0.03 ; 0.2390584 ; 0.2384539 ; 0.4451
9322.2 ; 98 ; 0.01 ; 0.2390649 ; 0.2384619 ; 0.4457
9340.0 ; 99 ; 0.05 ; 0.2389183 ; 0.2383183 ; 0.4449
9374.6 ; 1 ; 0.07 ; 0.2389095 ; 0.2383572 ; 0.4447
9393.1 ; 2 ; 0.03 ; 0.2388393 ; 0.2382974 ; 0.4443
9411.7 ; 3 ; 0.02 ; 0.2388380 ; 0.2382930 ; 0.4462
9431.1 ; 4 ; 0.05 ; 0.2388398 ; 0.2383327 ; 0.4458
9449.6 ; 5 ; 0.02 ; 0.2387774 ; 0.2382888 ; 0.4449
9469.1 ; 6 ; 0.03 ; 0.2387114 ; 0.2382297 ; 0.4471
9487.8 ; 7 ; 0.05 ; 0.2386910 ; 0.2382022 ; 0.4465
9506.2 ; 8 ; 0.07 ; 0.2387005 ; 0.2381829 ; 0.4467
9524.5 ; 9 ; 0.08 ; 0.2385552 ; 0.2380218 ; 0.4472
9543.8 ; 10 ; 0.04 ; 0.2385554 ; 0.2380059 ; 0.4469
9562.0 ; 11 ; 0.10 ; 0.2387052 ; 0.2382434 ; 0.4458
9581.4 ; 12 ; 0.04 ; 0.2384590 ; 0.2379249 ; 0.4482
9599.6 ; 13 ; 0.06 ; 0.2384235 ; 0.2378640 ; 0.4467
9617.6 ; 14 ; 0.02 ; 0.2384569 ; 0.2379212 ; 0.4465
9635.5 ; 15 ; 0.05 ; 0.2384557 ; 0.2379242 ; 0.4472
9655.7 ; 16 ; 0.04 ; 0.2384189 ; 0.2379455 ; 0.4472
9675.3 ; 17 ; 0.07 ; 0.2383335 ; 0.2378547 ; 0.4477
9694.3 ; 18 ; 0.10 ; 0.2381759 ; 0.2376604 ; 0.4474
9712.9 ; 19 ; 0.03 ; 0.2381811 ; 0.2375698 ; 0.4485
9731.0 ; 20 ; 0.06 ; 0.2381573 ; 0.2376714 ; 0.4480
9749.8 ; 21 ; 0.05 ; 0.2381418 ; 0.2375822 ; 0.4469
9769.4 ; 22 ; 0.05 ; 0.2380509 ; 0.2374260 ; 0.4495
9787.2 ; 23 ; 0.04 ; 0.2379794 ; 0.2373813 ; 0.4482
9806.3 ; 24 ; 0.04 ; 0.2379057 ; 0.2373691 ; 0.4476
9824.3 ; 25 ; 0.05 ; 0.2378939 ; 0.2373622 ; 0.4474
9842.4 ; 26 ; 0.05 ; 0.2378614 ; 0.2373727 ; 0.4466
9861.2 ; 27 ; 0.02 ; 0.2379009 ; 0.2374620 ; 0.4470
9880.4 ; 28 ; 0.04 ; 0.2378801 ; 0.2374873 ; 0.4462
9898.2 ; 29 ; 0.02 ; 0.2378672 ; 0.2374475 ; 0.4468
9917.3 ; 30 ; 0.06 ; 0.2377494 ; 0.2373157 ; 0.4459
9935.9 ; 31 ; 0.03 ; 0.2378021 ; 0.2373565 ; 0.4473
9955.1 ; 32 ; 0.06 ; 0.2377992 ; 0.2374380 ; 0.4474
9973.3 ; 33 ; 0.07 ; 0.2377564 ; 0.2374163 ; 0.4464
9990.8 ; 34 ; 0.04 ; 0.2376694 ; 0.2373626 ; 0.4460
10009.1 ; 35 ; 0.14 ; 0.2375776 ; 0.2371595 ; 0.4460
10027.1 ; 36 ; 0.05 ; 0.2376196 ; 0.2373063 ; 0.4469
10045.2 ; 37 ; 0.11 ; 0.2376154 ; 0.2373355 ; 0.4455
10063.2 ; 38 ; 0.03 ; 0.2374192 ; 0.2370523 ; 0.4480
10082.2 ; 39 ; 0.01 ; 0.2374336 ; 0.2370510 ; 0.4477
10101.8 ; 40 ; 0.04 ; 0.2374084 ; 0.2370234 ; 0.4479
10121.0 ; 41 ; 0.04 ; 0.2374277 ; 0.2370638 ; 0.4490
10138.8 ; 42 ; 0.04 ; 0.2373479 ; 0.2370154 ; 0.4469
10156.8 ; 43 ; 0.01 ; 0.2373666 ; 0.2370464 ; 0.4464
10174.7 ; 44 ; 0.05 ; 0.2373447 ; 0.2370484 ; 0.4472
10193.8 ; 45 ; 0.01 ; 0.2373372 ; 0.2370216 ; 0.4487
10212.1 ; 46 ; 0.02 ; 0.2374031 ; 0.2371068 ; 0.4482
10231.3 ; 47 ; 0.04 ; 0.2373673 ; 0.2370620 ; 0.4495
10249.4 ; 48 ; 0.08 ; 0.2373234 ; 0.2370051 ; 0.4508
10267.5 ; 49 ; 0.06 ; 0.2373787 ; 0.2370835 ; 0.4494
10285.2 ; 50 ; 0.03 ; 0.2373631 ; 0.2371248 ; 0.4470
10303.2 ; 51 ; 0.01 ; 0.2372831 ; 0.2369710 ; 0.4489
10321.2 ; 52 ; 0.03 ; 0.2373139 ; 0.2370341 ; 0.4493
10339.4 ; 53 ; 0.03 ; 0.2372090 ; 0.2369407 ; 0.4487
10358.1 ; 54 ; 0.03 ; 0.2372352 ; 0.2369455 ; 0.4484
10377.2 ; 55 ; 0.07 ; 0.2372134 ; 0.2368744 ; 0.4492
10395.7 ; 56 ; 0.08 ; 0.2372826 ; 0.2369771 ; 0.4488
10414.8 ; 57 ; 0.03 ; 0.2371979 ; 0.2368859 ; 0.4481
10432.9 ; 58 ; 0.04 ; 0.2372185 ; 0.2369550 ; 0.4479
10452.1 ; 59 ; 0.03 ; 0.2372384 ; 0.2370040 ; 0.4486
10470.2 ; 60 ; 0.02 ; 0.2370939 ; 0.2368300 ; 0.4491
10489.4 ; 61 ; 0.11 ; 0.2370615 ; 0.2367677 ; 0.4490
10509.3 ; 62 ; 0.05 ; 0.2370225 ; 0.2366984 ; 0.4509
10527.5 ; 63 ; 0.05 ; 0.2368826 ; 0.2365894 ; 0.4506
10544.7 ; 64 ; 0.01 ; 0.2369137 ; 0.2366190 ; 0.4504
10563.4 ; 65 ; 0.04 ; 0.2369291 ; 0.2366476 ; 0.4493
10582.0 ; 66 ; 0.06 ; 0.2367832 ; 0.2364334 ; 0.4506
10600.2 ; 67 ; 0.01 ; 0.2368674 ; 0.2365444 ; 0.4496
10618.3 ; 68 ; 0.05 ; 0.2367827 ; 0.2364555 ; 0.4506
10636.6 ; 69 ; 0.08 ; 0.2367806 ; 0.2365293 ; 0.4490
10653.5 ; 70 ; 0.01 ; 0.2367713 ; 0.2365212 ; 0.4493
10672.5 ; 71 ; 0.02 ; 0.2366463 ; 0.2363950 ; 0.4512
10691.6 ; 72 ; 0.09 ; 0.2366626 ; 0.2363913 ; 0.4497
10710.1 ; 73 ; 0.02 ; 0.2366481 ; 0.2363502 ; 0.4505
10729.1 ; 74 ; 0.02 ; 0.2366526 ; 0.2363796 ; 0.4504
10747.0 ; 75 ; 0.03 ; 0.2366690 ; 0.2363308 ; 0.4511
10765.4 ; 76 ; 0.05 ; 0.2366096 ; 0.2362145 ; 0.4512
sigma=0.010000000000000002
10784.6 ; 77 ; 0.00 ; 0.2366096 ; 0.2362145 ; 0.4512
10803.7 ; 78 ; 0.07 ; 0.2366225 ; 0.2362722 ; 0.4505
10822.6 ; 79 ; 0.02 ; 0.2366049 ; 0.2362697 ; 0.4489
10841.6 ; 80 ; 0.05 ; 0.2365394 ; 0.2362585 ; 0.4500
10859.6 ; 81 ; 0.03 ; 0.2365134 ; 0.2362508 ; 0.4489
10877.8 ; 82 ; 0.04 ; 0.2364081 ; 0.2361226 ; 0.4496
10896.6 ; 83 ; 0.04 ; 0.2363916 ; 0.2360786 ; 0.4499
10917.3 ; 84 ; 0.04 ; 0.2363148 ; 0.2359404 ; 0.4514
10935.1 ; 85 ; 0.03 ; 0.2363731 ; 0.2360333 ; 0.4494
10953.6 ; 86 ; 0.05 ; 0.2363090 ; 0.2359726 ; 0.4492
10971.6 ; 87 ; 0.05 ; 0.2362433 ; 0.2358683 ; 0.4492
10989.7 ; 88 ; 0.05 ; 0.2362374 ; 0.2358705 ; 0.4508
11008.7 ; 89 ; 0.03 ; 0.2363147 ; 0.2359664 ; 0.4490
sigma=0.0010000000000000002
11026.8 ; 90 ; 0.00 ; 0.2363147 ; 0.2359664 ; 0.4490
11044.8 ; 91 ; 0.34 ; 0.2362279 ; 0.2358713 ; 0.4497
11062.8 ; 92 ; 0.35 ; 0.2361910 ; 0.2358463 ; 0.4489
11081.0 ; 93 ; 0.37 ; 0.2361683 ; 0.2358179 ; 0.4506
11099.5 ; 94 ; 0.32 ; 0.2361444 ; 0.2357876 ; 0.4507
11117.5 ; 95 ; 0.37 ; 0.2361448 ; 0.2358027 ; 0.4511
11135.8 ; 96 ; 0.32 ; 0.2360709 ; 0.2357109 ; 0.4509
11154.9 ; 97 ; 0.37 ; 0.2360397 ; 0.2356908 ; 0.4509
11173.3 ; 98 ; 0.33 ; 0.2360146 ; 0.2356786 ; 0.4519
11191.5 ; 99 ; 0.25 ; 0.2360268 ; 0.2356785 ; 0.4523
11226.2 ; 1 ; 0.53 ; 0.3371315 ; 0.3363453 ; 0.1129
11244.4 ; 2 ; 0.50 ; 0.3357286 ; 0.3349441 ; 0.1134
11262.9 ; 3 ; 0.52 ; 0.3342188 ; 0.3334506 ; 0.1142
11281.3 ; 4 ; 0.50 ; 0.3330485 ; 0.3322899 ; 0.1152
11299.8 ; 5 ; 0.45 ; 0.3318382 ; 0.3310853 ; 0.1158
11318.1 ; 6 ; 0.53 ; 0.3301671 ; 0.3294320 ; 0.1170
11338.6 ; 7 ; 0.61 ; 0.3282804 ; 0.3275956 ; 0.1189
11357.0 ; 8 ; 0.46 ; 0.3273938 ; 0.3267213 ; 0.1196
11375.4 ; 9 ; 0.58 ; 0.3257058 ; 0.3250830 ; 0.1207
11393.8 ; 10 ; 0.45 ; 0.3245218 ; 0.3239292 ; 0.1216
11412.4 ; 11 ; 0.44 ; 0.3233255 ; 0.3227510 ; 0.1252
11430.8 ; 12 ; 0.60 ; 0.3216112 ; 0.3210610 ; 0.1288
11449.4 ; 13 ; 0.58 ; 0.3200419 ; 0.3195050 ; 0.1324
11467.7 ; 14 ; 0.57 ; 0.3188665 ; 0.3183714 ; 0.1352
11486.3 ; 15 ; 0.49 ; 0.3174220 ; 0.3169615 ; 0.1375
11504.7 ; 16 ; 0.40 ; 0.3165689 ; 0.3161477 ; 0.1411
11522.9 ; 17 ; 0.36 ; 0.3155974 ; 0.3151855 ; 0.1424
11541.4 ; 18 ; 0.49 ; 0.3145071 ; 0.3141232 ; 0.1449
11559.9 ; 19 ; 0.56 ; 0.3133834 ; 0.3130132 ; 0.1464
11578.2 ; 20 ; 0.55 ; 0.3124091 ; 0.3120764 ; 0.1482
11596.5 ; 21 ; 0.50 ; 0.3116897 ; 0.3113741 ; 0.1496
11614.8 ; 22 ; 0.55 ; 0.3107150 ; 0.3103951 ; 0.1507
11633.3 ; 23 ; 0.47 ; 0.3098779 ; 0.3095622 ; 0.1550
11651.8 ; 24 ; 0.43 ; 0.3092541 ; 0.3089480 ; 0.1571
11670.1 ; 25 ; 0.51 ; 0.3085219 ; 0.3082062 ; 0.1604
11688.6 ; 26 ; 0.53 ; 0.3077980 ; 0.3075134 ; 0.1614
11707.0 ; 27 ; 0.44 ; 0.3070856 ; 0.3067940 ; 0.1625
11725.5 ; 28 ; 0.55 ; 0.3062901 ; 0.3059967 ; 0.1660
11743.8 ; 29 ; 0.46 ; 0.3056488 ; 0.3053648 ; 0.1676
11764.4 ; 30 ; 0.51 ; 0.3049476 ; 0.3046490 ; 0.1693
11782.9 ; 31 ; 0.46 ; 0.3043279 ; 0.3040314 ; 0.1704
11801.3 ; 32 ; 0.45 ; 0.3036325 ; 0.3033202 ; 0.1725
11819.8 ; 33 ; 0.57 ; 0.3029100 ; 0.3025816 ; 0.1749
11838.2 ; 34 ; 0.47 ; 0.3022829 ; 0.3019323 ; 0.1781
11856.6 ; 35 ; 0.40 ; 0.3017109 ; 0.3013479 ; 0.1792
11875.0 ; 36 ; 0.43 ; 0.3011609 ; 0.3007775 ; 0.1812
11893.4 ; 37 ; 0.43 ; 0.3006655 ; 0.3002740 ; 0.1845
11911.8 ; 38 ; 0.41 ; 0.3002019 ; 0.2998172 ; 0.1870
11930.4 ; 39 ; 0.52 ; 0.2994020 ; 0.2989795 ; 0.1904
11948.9 ; 40 ; 0.50 ; 0.2988101 ; 0.2983817 ; 0.1952
11967.4 ; 41 ; 0.56 ; 0.2982216 ; 0.2977862 ; 0.1985
11985.9 ; 42 ; 0.51 ; 0.2976538 ; 0.2972123 ; 0.2007
12004.3 ; 43 ; 0.51 ; 0.2968805 ; 0.2964031 ; 0.2052
12022.7 ; 44 ; 0.52 ; 0.2961110 ; 0.2956060 ; 0.2111
12041.2 ; 45 ; 0.54 ; 0.2955440 ; 0.2950232 ; 0.2138
12059.8 ; 46 ; 0.54 ; 0.2948594 ; 0.2943376 ; 0.2188
12078.3 ; 47 ; 0.52 ; 0.2941898 ; 0.2936776 ; 0.2251
12096.9 ; 48 ; 0.55 ; 0.2935197 ; 0.2930158 ; 0.2315
12115.2 ; 49 ; 0.48 ; 0.2928535 ; 0.2923534 ; 0.2356
12133.5 ; 50 ; 0.47 ; 0.2923557 ; 0.2918305 ; 0.2390
12151.9 ; 51 ; 0.52 ; 0.2917029 ; 0.2911763 ; 0.2437
12170.7 ; 52 ; 0.55 ; 0.2911085 ; 0.2905597 ; 0.2496
12191.1 ; 53 ; 0.53 ; 0.2904160 ; 0.2898493 ; 0.2527
12209.5 ; 54 ; 0.57 ; 0.2897596 ; 0.2891942 ; 0.2600
12227.9 ; 55 ; 0.50 ; 0.2892031 ; 0.2886251 ; 0.2650
12246.3 ; 56 ; 0.43 ; 0.2886589 ; 0.2880551 ; 0.2666
12264.7 ; 57 ; 0.48 ; 0.2880173 ; 0.2873963 ; 0.2734
12283.2 ; 58 ; 0.50 ; 0.2874599 ; 0.2868337 ; 0.2791
12301.5 ; 59 ; 0.53 ; 0.2867260 ; 0.2860856 ; 0.2873
12319.7 ; 60 ; 0.52 ; 0.2860196 ; 0.2853794 ; 0.2939
12338.2 ; 61 ; 0.53 ; 0.2855982 ; 0.2849680 ; 0.2982
12356.6 ; 62 ; 0.59 ; 0.2850175 ; 0.2843820 ; 0.3021
12375.0 ; 63 ; 0.47 ; 0.2844034 ; 0.2837613 ; 0.3095
12393.4 ; 64 ; 0.54 ; 0.2838401 ; 0.2832085 ; 0.3132
12411.9 ; 65 ; 0.46 ; 0.2833605 ; 0.2827372 ; 0.3164
12430.3 ; 66 ; 0.48 ; 0.2828503 ; 0.2822159 ; 0.3213
12448.7 ; 67 ; 0.52 ; 0.2824289 ; 0.2818024 ; 0.3254
12467.0 ; 68 ; 0.41 ; 0.2819922 ; 0.2813536 ; 0.3294
12485.4 ; 69 ; 0.49 ; 0.2815184 ; 0.2808651 ; 0.3332
12503.9 ; 70 ; 0.53 ; 0.2810839 ; 0.2804172 ; 0.3356
12522.4 ; 71 ; 0.41 ; 0.2807963 ; 0.2801232 ; 0.3397
12540.8 ; 72 ; 0.35 ; 0.2804909 ; 0.2798191 ; 0.3424
12559.2 ; 73 ; 0.57 ; 0.2800527 ; 0.2793886 ; 0.3469
12577.5 ; 74 ; 0.46 ; 0.2796739 ; 0.2789915 ; 0.3498
12596.8 ; 75 ; 0.45 ; 0.2792703 ; 0.2785884 ; 0.3532
12616.7 ; 76 ; 0.48 ; 0.2788571 ; 0.2781696 ; 0.3559
12635.0 ; 77 ; 0.46 ; 0.2786320 ; 0.2779545 ; 0.3579
12653.4 ; 78 ; 0.61 ; 0.2782090 ; 0.2775214 ; 0.3611
12671.9 ; 79 ; 0.47 ; 0.2778322 ; 0.2771381 ; 0.3644
12690.2 ; 80 ; 0.40 ; 0.2775969 ; 0.2768983 ; 0.3671
12708.7 ; 81 ; 0.58 ; 0.2772925 ; 0.2766052 ; 0.3699
12727.1 ; 82 ; 0.46 ; 0.2769630 ; 0.2762594 ; 0.3711
12745.6 ; 83 ; 0.49 ; 0.2767352 ; 0.2760498 ; 0.3749
12764.1 ; 84 ; 0.50 ; 0.2764047 ; 0.2757118 ; 0.3773
12782.6 ; 85 ; 0.53 ; 0.2760822 ; 0.2753760 ; 0.3810
12800.9 ; 86 ; 0.39 ; 0.2758809 ; 0.2751591 ; 0.3838
12819.4 ; 87 ; 0.41 ; 0.2756692 ; 0.2749667 ; 0.3843
12837.8 ; 88 ; 0.55 ; 0.2753584 ; 0.2746667 ; 0.3878
12856.3 ; 89 ; 0.46 ; 0.2750911 ; 0.2743994 ; 0.3892
12874.7 ; 90 ; 0.50 ; 0.2749108 ; 0.2742069 ; 0.3904
12893.0 ; 91 ; 0.48 ; 0.2746850 ; 0.2740123 ; 0.3927
12911.6 ; 92 ; 0.44 ; 0.2745302 ; 0.2738576 ; 0.3943
12929.9 ; 93 ; 0.44 ; 0.2743188 ; 0.2736833 ; 0.3964
12948.3 ; 94 ; 0.53 ; 0.2740305 ; 0.2733954 ; 0.3996
12966.8 ; 95 ; 0.48 ; 0.2738596 ; 0.2732378 ; 0.4018
12985.3 ; 96 ; 0.43 ; 0.2736529 ; 0.2730258 ; 0.4033
13003.8 ; 97 ; 0.48 ; 0.2735000 ; 0.2728703 ; 0.4058
13023.0 ; 98 ; 0.54 ; 0.2732992 ; 0.2726511 ; 0.4066
13042.8 ; 99 ; 0.48 ; 0.2731249 ; 0.2724687 ; 0.4076
13061.3 ; 100 ; 0.40 ; 0.2729977 ; 0.2723583 ; 0.4089
13079.7 ; 101 ; 0.50 ; 0.2727660 ; 0.2721233 ; 0.4108
13098.4 ; 102 ; 0.55 ; 0.2725734 ; 0.2719372 ; 0.4118
13116.9 ; 103 ; 0.45 ; 0.2724126 ; 0.2717697 ; 0.4125
13135.2 ; 104 ; 0.50 ; 0.2722514 ; 0.2715945 ; 0.4123
13153.7 ; 105 ; 0.54 ; 0.2720742 ; 0.2714065 ; 0.4145
13172.1 ; 106 ; 0.49 ; 0.2719623 ; 0.2713061 ; 0.4161
13190.4 ; 107 ; 0.43 ; 0.2718047 ; 0.2711380 ; 0.4168
13208.6 ; 108 ; 0.49 ; 0.2716482 ; 0.2709928 ; 0.4197
13227.0 ; 109 ; 0.55 ; 0.2714801 ; 0.2708288 ; 0.4214
13245.6 ; 110 ; 0.50 ; 0.2713076 ; 0.2706531 ; 0.4216
13263.9 ; 111 ; 0.46 ; 0.2711960 ; 0.2705528 ; 0.4216
13282.4 ; 112 ; 0.45 ; 0.2710842 ; 0.2704628 ; 0.4232
13300.7 ; 113 ; 0.42 ; 0.2709507 ; 0.2703159 ; 0.4240
13319.1 ; 114 ; 0.46 ; 0.2708230 ; 0.2702047 ; 0.4254
13337.5 ; 115 ; 0.44 ; 0.2707423 ; 0.2701186 ; 0.4261
13355.9 ; 116 ; 0.47 ; 0.2706213 ; 0.2699993 ; 0.4272
13374.3 ; 117 ; 0.51 ; 0.2705334 ; 0.2699176 ; 0.4276
13392.8 ; 118 ; 0.52 ; 0.2703828 ; 0.2697567 ; 0.4278
13411.3 ; 119 ; 0.52 ; 0.2702509 ; 0.2696308 ; 0.4285
13429.8 ; 120 ; 0.40 ; 0.2701449 ; 0.2695144 ; 0.4301
13449.0 ; 121 ; 0.46 ; 0.2700584 ; 0.2694400 ; 0.4304
13468.9 ; 122 ; 0.46 ; 0.2699403 ; 0.2693135 ; 0.4307
13487.5 ; 123 ; 0.42 ; 0.2698922 ; 0.2692892 ; 0.4309
13505.8 ; 124 ; 0.44 ; 0.2697519 ; 0.2691321 ; 0.4315
13524.3 ; 125 ; 0.45 ; 0.2696641 ; 0.2690410 ; 0.4320
13542.7 ; 126 ; 0.48 ; 0.2695693 ; 0.2689517 ; 0.4320
13560.9 ; 127 ; 0.55 ; 0.2694186 ; 0.2687922 ; 0.4322
13579.4 ; 128 ; 0.42 ; 0.2693408 ; 0.2687309 ; 0.4318
13597.9 ; 129 ; 0.43 ; 0.2692031 ; 0.2685907 ; 0.4334
13616.1 ; 130 ; 0.43 ; 0.2691958 ; 0.2686082 ; 0.4334
13634.4 ; 131 ; 0.48 ; 0.2690996 ; 0.2685160 ; 0.4343
13652.6 ; 132 ; 0.33 ; 0.2690124 ; 0.2684098 ; 0.4334
13670.8 ; 133 ; 0.49 ; 0.2689072 ; 0.2682896 ; 0.4326
13689.1 ; 134 ; 0.42 ; 0.2688703 ; 0.2682612 ; 0.4331
13707.5 ; 135 ; 0.45 ; 0.2688053 ; 0.2682057 ; 0.4334
13725.8 ; 136 ; 0.35 ; 0.2687443 ; 0.2681442 ; 0.4328
13744.2 ; 137 ; 0.37 ; 0.2686935 ; 0.2680932 ; 0.4339
13762.5 ; 138 ; 0.40 ; 0.2685891 ; 0.2679707 ; 0.4340
13780.9 ; 139 ; 0.43 ; 0.2685443 ; 0.2679351 ; 0.4342
13799.4 ; 140 ; 0.41 ; 0.2684594 ; 0.2678417 ; 0.4345
13817.7 ; 141 ; 0.45 ; 0.2684052 ; 0.2677997 ; 0.4347
13836.1 ; 142 ; 0.44 ; 0.2683197 ; 0.2677112 ; 0.4349
13855.1 ; 143 ; 0.38 ; 0.2682544 ; 0.2676391 ; 0.4352
13873.8 ; 144 ; 0.41 ; 0.2681966 ; 0.2675923 ; 0.4341
13893.3 ; 145 ; 0.45 ; 0.2681157 ; 0.2675045 ; 0.4342
13912.2 ; 146 ; 0.43 ; 0.2680100 ; 0.2673991 ; 0.4341
13930.5 ; 147 ; 0.33 ; 0.2679422 ; 0.2673220 ; 0.4354
13948.8 ; 148 ; 0.45 ; 0.2678924 ; 0.2672876 ; 0.4349
13967.1 ; 149 ; 0.51 ; 0.2677738 ; 0.2671467 ; 0.4340
13985.5 ; 150 ; 0.49 ; 0.2676893 ; 0.2670698 ; 0.4346
14003.8 ; 151 ; 0.44 ; 0.2676168 ; 0.2669884 ; 0.4340
14022.2 ; 152 ; 0.46 ; 0.2675405 ; 0.2669223 ; 0.4349
14040.3 ; 153 ; 0.45 ; 0.2674704 ; 0.2668461 ; 0.4344
14058.9 ; 154 ; 0.44 ; 0.2674006 ; 0.2667713 ; 0.4339
14077.3 ; 155 ; 0.41 ; 0.2673536 ; 0.2667159 ; 0.4353
14095.6 ; 156 ; 0.50 ; 0.2672580 ; 0.2666200 ; 0.4342
14114.0 ; 157 ; 0.40 ; 0.2672155 ; 0.2665886 ; 0.4332
14132.5 ; 158 ; 0.52 ; 0.2671351 ; 0.2665068 ; 0.4331
14150.8 ; 159 ; 0.48 ; 0.2670500 ; 0.2664292 ; 0.4342
14169.2 ; 160 ; 0.48 ; 0.2669642 ; 0.2663362 ; 0.4339
14187.6 ; 161 ; 0.55 ; 0.2668854 ; 0.2662621 ; 0.4320
14205.9 ; 162 ; 0.46 ; 0.2668413 ; 0.2662323 ; 0.4332
14224.3 ; 163 ; 0.50 ; 0.2667532 ; 0.2661396 ; 0.4330
14242.6 ; 164 ; 0.46 ; 0.2666677 ; 0.2660366 ; 0.4319
14260.9 ; 165 ; 0.38 ; 0.2666193 ; 0.2659759 ; 0.4314
14280.3 ; 166 ; 0.45 ; 0.2665705 ; 0.2659435 ; 0.4330
14298.7 ; 167 ; 0.46 ; 0.2665098 ; 0.2658992 ; 0.4330
14317.8 ; 168 ; 0.36 ; 0.2664037 ; 0.2657832 ; 0.4334
14337.1 ; 169 ; 0.46 ; 0.2663677 ; 0.2657493 ; 0.4325
14355.5 ; 170 ; 0.44 ; 0.2662857 ; 0.2656478 ; 0.4326
14373.7 ; 171 ; 0.46 ; 0.2661958 ; 0.2655437 ; 0.4323
14392.1 ; 172 ; 0.50 ; 0.2661817 ; 0.2655519 ; 0.4325
14410.5 ; 173 ; 0.49 ; 0.2660623 ; 0.2654206 ; 0.4322
14428.7 ; 174 ; 0.51 ; 0.2660008 ; 0.2653579 ; 0.4319
14447.0 ; 175 ; 0.51 ; 0.2659473 ; 0.2653228 ; 0.4325
14465.4 ; 176 ; 0.52 ; 0.2658942 ; 0.2652795 ; 0.4307
14483.6 ; 177 ; 0.46 ; 0.2657670 ; 0.2651447 ; 0.4322
14502.0 ; 178 ; 0.51 ; 0.2657189 ; 0.2650996 ; 0.4320
14520.3 ; 179 ; 0.42 ; 0.2656419 ; 0.2650139 ; 0.4317
14538.6 ; 180 ; 0.45 ; 0.2656094 ; 0.2649884 ; 0.4313
14557.0 ; 181 ; 0.48 ; 0.2655734 ; 0.2649502 ; 0.4321
14575.7 ; 182 ; 0.45 ; 0.2655083 ; 0.2648847 ; 0.4316
14594.2 ; 183 ; 0.45 ; 0.2654590 ; 0.2648361 ; 0.4314
14612.5 ; 184 ; 0.45 ; 0.2653680 ; 0.2647547 ; 0.4315
14631.0 ; 185 ; 0.42 ; 0.2653021 ; 0.2646866 ; 0.4322
14649.5 ; 186 ; 0.43 ; 0.2652562 ; 0.2646393 ; 0.4311
14667.9 ; 187 ; 0.49 ; 0.2651617 ; 0.2645232 ; 0.4311
14686.3 ; 188 ; 0.46 ; 0.2651219 ; 0.2644984 ; 0.4311
14705.5 ; 189 ; 0.48 ; 0.2650476 ; 0.2644200 ; 0.4293
14723.9 ; 190 ; 0.42 ; 0.2649991 ; 0.2643803 ; 0.4300
14742.8 ; 191 ; 0.47 ; 0.2649252 ; 0.2642917 ; 0.4302
14762.2 ; 192 ; 0.50 ; 0.2648847 ; 0.2642511 ; 0.4288
14780.5 ; 193 ; 0.47 ; 0.2648128 ; 0.2641862 ; 0.4288
14798.9 ; 194 ; 0.42 ; 0.2647439 ; 0.2641092 ; 0.4292
14817.3 ; 195 ; 0.44 ; 0.2646747 ; 0.2640377 ; 0.4288
14835.8 ; 196 ; 0.42 ; 0.2645974 ; 0.2639531 ; 0.4283
14854.2 ; 197 ; 0.47 ; 0.2645405 ; 0.2638868 ; 0.4282
14872.7 ; 198 ; 0.41 ; 0.2644929 ; 0.2638381 ; 0.4285
14891.0 ; 199 ; 0.47 ; 0.2643915 ; 0.2637308 ; 0.4285
14925.4 ; 201 ; 0.42 ; 0.2642786 ; 0.2636265 ; 0.4280
14943.8 ; 202 ; 0.47 ; 0.2642396 ; 0.2635957 ; 0.4267
14962.2 ; 203 ; 0.42 ; 0.2641334 ; 0.2634631 ; 0.4277
14980.7 ; 204 ; 0.40 ; 0.2641072 ; 0.2634417 ; 0.4276
14999.1 ; 205 ; 0.48 ; 0.2640307 ; 0.2633552 ; 0.4268
15017.4 ; 206 ; 0.50 ; 0.2639851 ; 0.2633176 ; 0.4260
15035.7 ; 207 ; 0.42 ; 0.2639090 ; 0.2632355 ; 0.4259
15054.1 ; 208 ; 0.44 ; 0.2638982 ; 0.2632236 ; 0.4261
15072.5 ; 209 ; 0.44 ; 0.2638167 ; 0.2631433 ; 0.4263
15091.0 ; 210 ; 0.42 ; 0.2637307 ; 0.2630426 ; 0.4260
15109.4 ; 211 ; 0.46 ; 0.2636755 ; 0.2629854 ; 0.4264
15128.5 ; 212 ; 0.49 ; 0.2636171 ; 0.2629260 ; 0.4269
15146.9 ; 213 ; 0.48 ; 0.2635657 ; 0.2628779 ; 0.4257
15165.2 ; 214 ; 0.46 ; 0.2635035 ; 0.2628133 ; 0.4260
15185.0 ; 215 ; 0.43 ; 0.2634504 ; 0.2627639 ; 0.4266
15203.3 ; 216 ; 0.49 ; 0.2634139 ; 0.2627293 ; 0.4265
15221.7 ; 217 ; 0.37 ; 0.2633781 ; 0.2626963 ; 0.4255
15240.0 ; 218 ; 0.47 ; 0.2632741 ; 0.2625663 ; 0.4255
15258.5 ; 219 ; 0.51 ; 0.2632100 ; 0.2624839 ; 0.4267
15276.9 ; 220 ; 0.43 ; 0.2631713 ; 0.2624714 ; 0.4264
15295.4 ; 221 ; 0.50 ; 0.2630989 ; 0.2623969 ; 0.4264
15313.9 ; 222 ; 0.44 ; 0.2630772 ; 0.2623649 ; 0.4263
15332.4 ; 223 ; 0.48 ; 0.2630201 ; 0.2623073 ; 0.4263
15350.7 ; 224 ; 0.36 ; 0.2629679 ; 0.2622610 ; 0.4257
15369.1 ; 225 ; 0.46 ; 0.2628678 ; 0.2621678 ; 0.4252
15387.8 ; 226 ; 0.46 ; 0.2628219 ; 0.2621328 ; 0.4245
15406.2 ; 227 ; 0.41 ; 0.2627754 ; 0.2620881 ; 0.4246
15424.6 ; 228 ; 0.39 ; 0.2627142 ; 0.2620206 ; 0.4244
15443.0 ; 229 ; 0.44 ; 0.2626539 ; 0.2619485 ; 0.4251
15461.3 ; 230 ; 0.38 ; 0.2626171 ; 0.2619281 ; 0.4238
15479.8 ; 231 ; 0.47 ; 0.2625564 ; 0.2618714 ; 0.4244
15498.1 ; 232 ; 0.47 ; 0.2624775 ; 0.2617838 ; 0.4242
15516.4 ; 233 ; 0.42 ; 0.2624618 ; 0.2617815 ; 0.4241
15535.1 ; 234 ; 0.48 ; 0.2623705 ; 0.2616882 ; 0.4237
15554.2 ; 235 ; 0.54 ; 0.2623304 ; 0.2616421 ; 0.4242
15572.7 ; 236 ; 0.52 ; 0.2622652 ; 0.2615766 ; 0.4236
15591.0 ; 237 ; 0.40 ; 0.2622324 ; 0.2615508 ; 0.4234
15611.0 ; 238 ; 0.51 ; 0.2621566 ; 0.2614736 ; 0.4222
15629.3 ; 239 ; 0.50 ; 0.2620919 ; 0.2614318 ; 0.4221
15647.8 ; 240 ; 0.45 ; 0.2620261 ; 0.2613702 ; 0.4227
15666.2 ; 241 ; 0.35 ; 0.2620154 ; 0.2613679 ; 0.4208
15684.4 ; 242 ; 0.41 ; 0.2619788 ; 0.2613294 ; 0.4230
15702.8 ; 243 ; 0.40 ; 0.2619379 ; 0.2612821 ; 0.4224
15721.3 ; 244 ; 0.45 ; 0.2618814 ; 0.2612345 ; 0.4227
15739.8 ; 245 ; 0.48 ; 0.2618010 ; 0.2611552 ; 0.4227
15758.3 ; 246 ; 0.44 ; 0.2617576 ; 0.2611034 ; 0.4229
15776.7 ; 247 ; 0.38 ; 0.2617115 ; 0.2610653 ; 0.4236
15795.1 ; 248 ; 0.45 ; 0.2616472 ; 0.2610048 ; 0.4228
15813.6 ; 249 ; 0.42 ; 0.2615832 ; 0.2609335 ; 0.4228
15832.1 ; 250 ; 0.39 ; 0.2615783 ; 0.2609275 ; 0.4217
15850.4 ; 251 ; 0.43 ; 0.2615269 ; 0.2608734 ; 0.4224
15868.9 ; 252 ; 0.51 ; 0.2614404 ; 0.2607770 ; 0.4226
15887.5 ; 253 ; 0.41 ; 0.2614261 ; 0.2607836 ; 0.4223
15905.7 ; 254 ; 0.44 ; 0.2613555 ; 0.2606945 ; 0.4219
15923.8 ; 255 ; 0.45 ; 0.2612868 ; 0.2606221 ; 0.4218
15942.0 ; 256 ; 0.44 ; 0.2612465 ; 0.2605643 ; 0.4221
15961.4 ; 257 ; 0.44 ; 0.2611938 ; 0.2605332 ; 0.4212
15979.8 ; 258 ; 0.43 ; 0.2611583 ; 0.2604969 ; 0.4218
15998.3 ; 259 ; 0.35 ; 0.2610651 ; 0.2604119 ; 0.4229
16016.7 ; 260 ; 0.44 ; 0.2610488 ; 0.2604151 ; 0.4217
16036.7 ; 261 ; 0.44 ; 0.2609949 ; 0.2603429 ; 0.4218
16055.5 ; 262 ; 0.46 ; 0.2609536 ; 0.2602998 ; 0.4206
16074.0 ; 263 ; 0.59 ; 0.2608650 ; 0.2602209 ; 0.4216
16092.6 ; 264 ; 0.50 ; 0.2608123 ; 0.2601703 ; 0.4220
16110.9 ; 265 ; 0.38 ; 0.2607747 ; 0.2601210 ; 0.4210
16129.5 ; 266 ; 0.42 ; 0.2607290 ; 0.2600726 ; 0.4223
16148.1 ; 267 ; 0.45 ; 0.2606531 ; 0.2600126 ; 0.4224
16166.5 ; 268 ; 0.37 ; 0.2606196 ; 0.2599809 ; 0.4225
16185.0 ; 269 ; 0.40 ; 0.2605469 ; 0.2599086 ; 0.4227
16203.5 ; 270 ; 0.48 ; 0.2604969 ; 0.2598670 ; 0.4227
16221.8 ; 271 ; 0.38 ; 0.2604585 ; 0.2598519 ; 0.4221
16240.3 ; 272 ; 0.34 ; 0.2604396 ; 0.2598353 ; 0.4222
16258.7 ; 273 ; 0.52 ; 0.2603856 ; 0.2597692 ; 0.4227
16277.0 ; 274 ; 0.43 ; 0.2603287 ; 0.2597210 ; 0.4215
16295.3 ; 275 ; 0.43 ; 0.2602637 ; 0.2596713 ; 0.4232
16313.7 ; 276 ; 0.39 ; 0.2602463 ; 0.2596613 ; 0.4220
16332.0 ; 277 ; 0.47 ; 0.2601958 ; 0.2596092 ; 0.4225
16350.4 ; 278 ; 0.44 ; 0.2601356 ; 0.2595345 ; 0.4220
16369.0 ; 279 ; 0.42 ; 0.2601297 ; 0.2595292 ; 0.4208
16388.1 ; 280 ; 0.41 ; 0.2600390 ; 0.2594349 ; 0.4212
16406.6 ; 281 ; 0.49 ; 0.2599790 ; 0.2593683 ; 0.4216
16425.1 ; 282 ; 0.50 ; 0.2599490 ; 0.2593482 ; 0.4209
16443.6 ; 283 ; 0.40 ; 0.2598908 ; 0.2592918 ; 0.4213
16463.5 ; 284 ; 0.40 ; 0.2598627 ; 0.2592731 ; 0.4208
16481.8 ; 285 ; 0.37 ; 0.2597957 ; 0.2591969 ; 0.4213
16500.2 ; 286 ; 0.46 ; 0.2597278 ; 0.2591115 ; 0.4215
16518.5 ; 287 ; 0.35 ; 0.2597090 ; 0.2590950 ; 0.4212
16537.0 ; 288 ; 0.40 ; 0.2596800 ; 0.2590723 ; 0.4220
16555.3 ; 289 ; 0.43 ; 0.2596536 ; 0.2590404 ; 0.4204
16573.6 ; 290 ; 0.42 ; 0.2595932 ; 0.2589773 ; 0.4208
16592.1 ; 291 ; 0.41 ; 0.2595551 ; 0.2589335 ; 0.4208
16610.5 ; 292 ; 0.39 ; 0.2594971 ; 0.2588759 ; 0.4203
16629.0 ; 293 ; 0.36 ; 0.2594566 ; 0.2588364 ; 0.4187
16647.4 ; 294 ; 0.47 ; 0.2594125 ; 0.2587848 ; 0.4202
16665.8 ; 295 ; 0.45 ; 0.2593644 ; 0.2587308 ; 0.4205
16684.2 ; 296 ; 0.38 ; 0.2593264 ; 0.2586918 ; 0.4199
16702.7 ; 297 ; 0.47 ; 0.2592852 ; 0.2586450 ; 0.4194
16720.9 ; 298 ; 0.40 ; 0.2592456 ; 0.2586053 ; 0.4203
16739.3 ; 299 ; 0.36 ; 0.2592023 ; 0.2585722 ; 0.4198
16773.7 ; 1 ; 0.42 ; 0.2591237 ; 0.2584999 ; 0.4193
16792.0 ; 2 ; 0.41 ; 0.2590603 ; 0.2584253 ; 0.4189
16811.2 ; 3 ; 0.49 ; 0.2590244 ; 0.2583942 ; 0.4195
16829.6 ; 4 ; 0.43 ; 0.2589739 ; 0.2583514 ; 0.4190
16848.1 ; 5 ; 0.43 ; 0.2588741 ; 0.2582475 ; 0.4186
16866.5 ; 6 ; 0.43 ; 0.2588228 ; 0.2582117 ; 0.4190
16885.9 ; 7 ; 0.45 ; 0.2587809 ; 0.2581772 ; 0.4191
16904.8 ; 8 ; 0.46 ; 0.2586892 ; 0.2580902 ; 0.4189
16923.4 ; 9 ; 0.41 ; 0.2586696 ; 0.2580738 ; 0.4189
16941.7 ; 10 ; 0.40 ; 0.2586096 ; 0.2580194 ; 0.4197
16960.1 ; 11 ; 0.44 ; 0.2585687 ; 0.2579703 ; 0.4195
16978.5 ; 12 ; 0.41 ; 0.2585511 ; 0.2579483 ; 0.4198
16997.1 ; 13 ; 0.42 ; 0.2585003 ; 0.2579043 ; 0.4197
17015.6 ; 14 ; 0.48 ; 0.2584083 ; 0.2578083 ; 0.4196
17034.2 ; 15 ; 0.41 ; 0.2583527 ; 0.2577477 ; 0.4192
17052.6 ; 16 ; 0.44 ; 0.2583030 ; 0.2577072 ; 0.4204
17071.1 ; 17 ; 0.40 ; 0.2583019 ; 0.2577141 ; 0.4204
17089.7 ; 18 ; 0.42 ; 0.2582667 ; 0.2576752 ; 0.4197
17108.1 ; 19 ; 0.47 ; 0.2582039 ; 0.2576134 ; 0.4195
17126.5 ; 20 ; 0.44 ; 0.2581392 ; 0.2575397 ; 0.4190
17144.9 ; 21 ; 0.44 ; 0.2580872 ; 0.2575076 ; 0.4190
17163.3 ; 22 ; 0.42 ; 0.2580789 ; 0.2574889 ; 0.4182
17181.7 ; 23 ; 0.51 ; 0.2580277 ; 0.2574241 ; 0.4189
17200.1 ; 24 ; 0.38 ; 0.2579872 ; 0.2573793 ; 0.4185
17218.9 ; 25 ; 0.41 ; 0.2579753 ; 0.2573843 ; 0.4181
17237.9 ; 26 ; 0.38 ; 0.2578890 ; 0.2572998 ; 0.4189
17256.1 ; 27 ; 0.43 ; 0.2578640 ; 0.2573095 ; 0.4191
17274.6 ; 28 ; 0.34 ; 0.2578397 ; 0.2572803 ; 0.4179
17292.9 ; 29 ; 0.47 ; 0.2577486 ; 0.2571874 ; 0.4189
17312.1 ; 30 ; 0.36 ; 0.2577338 ; 0.2571878 ; 0.4197
17331.1 ; 31 ; 0.44 ; 0.2576778 ; 0.2571326 ; 0.4188
17349.6 ; 32 ; 0.38 ; 0.2576626 ; 0.2571406 ; 0.4198
17368.1 ; 33 ; 0.33 ; 0.2576383 ; 0.2571105 ; 0.4203
17386.5 ; 34 ; 0.39 ; 0.2575604 ; 0.2570236 ; 0.4193
17405.0 ; 35 ; 0.38 ; 0.2575484 ; 0.2570090 ; 0.4197
17423.4 ; 36 ; 0.45 ; 0.2575009 ; 0.2569569 ; 0.4204
17441.8 ; 37 ; 0.46 ; 0.2574813 ; 0.2569489 ; 0.4198
17460.2 ; 38 ; 0.39 ; 0.2574232 ; 0.2568836 ; 0.4202
17478.6 ; 39 ; 0.32 ; 0.2573781 ; 0.2568399 ; 0.4200
17497.1 ; 40 ; 0.44 ; 0.2573176 ; 0.2567796 ; 0.4200
17515.5 ; 41 ; 0.46 ; 0.2572488 ; 0.2566934 ; 0.4197
17534.0 ; 42 ; 0.42 ; 0.2572208 ; 0.2566755 ; 0.4208
17552.5 ; 43 ; 0.40 ; 0.2571562 ; 0.2566089 ; 0.4206
17570.9 ; 44 ; 0.38 ; 0.2571610 ; 0.2566097 ; 0.4195
17589.5 ; 45 ; 0.44 ; 0.2570818 ; 0.2565215 ; 0.4197
17607.8 ; 46 ; 0.37 ; 0.2570375 ; 0.2564764 ; 0.4192
17626.2 ; 47 ; 0.42 ; 0.2570217 ; 0.2564712 ; 0.4200
17645.4 ; 48 ; 0.38 ; 0.2569453 ; 0.2563961 ; 0.4190
17663.7 ; 49 ; 0.38 ; 0.2569382 ; 0.2564034 ; 0.4185
17682.2 ; 50 ; 0.36 ; 0.2568801 ; 0.2563581 ; 0.4180
17700.7 ; 51 ; 0.48 ; 0.2568408 ; 0.2563183 ; 0.4196
17719.4 ; 52 ; 0.41 ; 0.2568190 ; 0.2563058 ; 0.4196
17738.5 ; 53 ; 0.46 ; 0.2567759 ; 0.2562488 ; 0.4188
17757.7 ; 54 ; 0.40 ; 0.2567032 ; 0.2561780 ; 0.4193
17776.1 ; 55 ; 0.42 ; 0.2566646 ; 0.2561413 ; 0.4186
17794.4 ; 56 ; 0.48 ; 0.2565914 ; 0.2560637 ; 0.4197
17812.9 ; 57 ; 0.37 ; 0.2565733 ; 0.2560417 ; 0.4186
17831.4 ; 58 ; 0.43 ; 0.2565127 ; 0.2559822 ; 0.4181
17849.9 ; 59 ; 0.44 ; 0.2564665 ; 0.2559394 ; 0.4191
17868.4 ; 60 ; 0.38 ; 0.2564085 ; 0.2558713 ; 0.4183
17886.8 ; 61 ; 0.41 ; 0.2563313 ; 0.2558049 ; 0.4195
17905.2 ; 62 ; 0.44 ; 0.2562927 ; 0.2557645 ; 0.4190
17923.7 ; 63 ; 0.35 ; 0.2562811 ; 0.2557454 ; 0.4195
17942.3 ; 64 ; 0.37 ; 0.2562610 ; 0.2557387 ; 0.4185
17960.8 ; 65 ; 0.50 ; 0.2562152 ; 0.2556977 ; 0.4197
17979.3 ; 66 ; 0.49 ; 0.2561455 ; 0.2556067 ; 0.4199
17997.6 ; 67 ; 0.47 ; 0.2560696 ; 0.2555319 ; 0.4203
18016.1 ; 68 ; 0.38 ; 0.2560474 ; 0.2555169 ; 0.4192
18034.6 ; 69 ; 0.50 ; 0.2560016 ; 0.2554657 ; 0.4191
18052.9 ; 70 ; 0.51 ; 0.2559522 ; 0.2554377 ; 0.4196
18072.1 ; 71 ; 0.34 ; 0.2559169 ; 0.2554054 ; 0.4203
18090.5 ; 72 ; 0.33 ; 0.2559219 ; 0.2554190 ; 0.4196
18108.9 ; 73 ; 0.45 ; 0.2558587 ; 0.2553461 ; 0.4192
18127.3 ; 74 ; 0.41 ; 0.2558246 ; 0.2553022 ; 0.4196
18145.8 ; 75 ; 0.42 ; 0.2557681 ; 0.2552369 ; 0.4191
18164.7 ; 76 ; 0.48 ; 0.2557206 ; 0.2551852 ; 0.4200
18184.1 ; 77 ; 0.51 ; 0.2556810 ; 0.2551520 ; 0.4184
18202.4 ; 78 ; 0.38 ; 0.2556398 ; 0.2551170 ; 0.4191
18220.8 ; 79 ; 0.37 ; 0.2555490 ; 0.2550265 ; 0.4189
18239.1 ; 80 ; 0.36 ; 0.2555553 ; 0.2550448 ; 0.4188
18257.5 ; 81 ; 0.38 ; 0.2555150 ; 0.2549918 ; 0.4195
18276.1 ; 82 ; 0.42 ; 0.2554655 ; 0.2549413 ; 0.4197
18294.6 ; 83 ; 0.44 ; 0.2554066 ; 0.2548791 ; 0.4197
18312.8 ; 84 ; 0.38 ; 0.2553545 ; 0.2548054 ; 0.4185
18331.3 ; 85 ; 0.34 ; 0.2553305 ; 0.2547860 ; 0.4186
18349.8 ; 86 ; 0.40 ; 0.2552769 ; 0.2547492 ; 0.4190
18368.3 ; 87 ; 0.41 ; 0.2552402 ; 0.2547133 ; 0.4185
18386.5 ; 88 ; 0.36 ; 0.2552017 ; 0.2546852 ; 0.4189
18404.9 ; 89 ; 0.44 ; 0.2551289 ; 0.2546120 ; 0.4186
18423.2 ; 90 ; 0.44 ; 0.2550779 ; 0.2545594 ; 0.4185
18441.5 ; 91 ; 0.38 ; 0.2550567 ; 0.2545396 ; 0.4185
18460.0 ; 92 ; 0.46 ; 0.2550160 ; 0.2545113 ; 0.4190
18478.6 ; 93 ; 0.38 ; 0.2549618 ; 0.2544617 ; 0.4193
18498.2 ; 94 ; 0.43 ; 0.2549350 ; 0.2544527 ; 0.4186
18516.7 ; 95 ; 0.43 ; 0.2548806 ; 0.2544068 ; 0.4198
18535.1 ; 96 ; 0.42 ; 0.2548019 ; 0.2543154 ; 0.4194
18553.5 ; 97 ; 0.37 ; 0.2547857 ; 0.2543126 ; 0.4198
18571.8 ; 98 ; 0.42 ; 0.2547567 ; 0.2542975 ; 0.4203
18590.7 ; 99 ; 0.48 ; 0.2546905 ; 0.2542311 ; 0.4205
18626.3 ; 1 ; 0.39 ; 0.2546490 ; 0.2542010 ; 0.4206
18644.7 ; 2 ; 0.43 ; 0.2546049 ; 0.2541367 ; 0.4195
18663.1 ; 3 ; 0.51 ; 0.2545683 ; 0.2541042 ; 0.4203
18681.6 ; 4 ; 0.47 ; 0.2544951 ; 0.2540332 ; 0.4197
18700.0 ; 5 ; 0.46 ; 0.2544552 ; 0.2539864 ; 0.4195
18718.4 ; 6 ; 0.36 ; 0.2544273 ; 0.2539667 ; 0.4200
18736.9 ; 7 ; 0.39 ; 0.2543655 ; 0.2539056 ; 0.4212
18755.2 ; 8 ; 0.37 ; 0.2543183 ; 0.2538793 ; 0.4206
18773.5 ; 9 ; 0.35 ; 0.2542851 ; 0.2538538 ; 0.4213
18792.0 ; 10 ; 0.43 ; 0.2542511 ; 0.2538235 ; 0.4218
18810.3 ; 11 ; 0.42 ; 0.2541923 ; 0.2537707 ; 0.4212
18828.7 ; 12 ; 0.41 ; 0.2541395 ; 0.2537208 ; 0.4215
18847.2 ; 13 ; 0.37 ; 0.2540666 ; 0.2536569 ; 0.4230
18865.7 ; 14 ; 0.36 ; 0.2540469 ; 0.2536331 ; 0.4223
18884.1 ; 15 ; 0.42 ; 0.2540221 ; 0.2535967 ; 0.4223
18902.9 ; 16 ; 0.26 ; 0.2539937 ; 0.2535740 ; 0.4219
18921.9 ; 17 ; 0.45 ; 0.2539443 ; 0.2535199 ; 0.4222
18940.3 ; 18 ; 0.37 ; 0.2539103 ; 0.2535116 ; 0.4221
18958.7 ; 19 ; 0.38 ; 0.2539044 ; 0.2535078 ; 0.4217
18977.2 ; 20 ; 0.43 ; 0.2538258 ; 0.2534276 ; 0.4222
18995.6 ; 21 ; 0.42 ; 0.2537917 ; 0.2533860 ; 0.4215
19014.0 ; 22 ; 0.44 ; 0.2537334 ; 0.2533372 ; 0.4220
19033.9 ; 23 ; 0.44 ; 0.2536914 ; 0.2533020 ; 0.4234
19052.5 ; 24 ; 0.42 ; 0.2536298 ; 0.2532372 ; 0.4224
19070.9 ; 25 ; 0.47 ; 0.2535912 ; 0.2532042 ; 0.4224
19089.3 ; 26 ; 0.50 ; 0.2535291 ; 0.2531379 ; 0.4228
19107.7 ; 27 ; 0.42 ; 0.2534798 ; 0.2530929 ; 0.4234
19126.1 ; 28 ; 0.41 ; 0.2534529 ; 0.2530654 ; 0.4239
19144.6 ; 29 ; 0.35 ; 0.2534100 ; 0.2530279 ; 0.4236
19162.9 ; 30 ; 0.42 ; 0.2533844 ; 0.2530303 ; 0.4230
19181.3 ; 31 ; 0.35 ; 0.2533001 ; 0.2529392 ; 0.4230
19199.7 ; 32 ; 0.37 ; 0.2532616 ; 0.2529172 ; 0.4230
19218.1 ; 33 ; 0.42 ; 0.2532262 ; 0.2528893 ; 0.4230
19236.5 ; 34 ; 0.44 ; 0.2531847 ; 0.2528461 ; 0.4231
19254.8 ; 35 ; 0.32 ; 0.2531358 ; 0.2527994 ; 0.4228
19273.3 ; 36 ; 0.43 ; 0.2531016 ; 0.2527715 ; 0.4242
19291.7 ; 37 ; 0.44 ; 0.2530548 ; 0.2527204 ; 0.4236
19310.2 ; 38 ; 0.45 ; 0.2530051 ; 0.2526744 ; 0.4240
19329.4 ; 39 ; 0.46 ; 0.2529765 ; 0.2526454 ; 0.4238
19347.8 ; 40 ; 0.44 ; 0.2529320 ; 0.2526073 ; 0.4241
19366.4 ; 41 ; 0.40 ; 0.2528809 ; 0.2525680 ; 0.4242
19384.8 ; 42 ; 0.40 ; 0.2528428 ; 0.2525313 ; 0.4242
19403.3 ; 43 ; 0.43 ; 0.2527735 ; 0.2524314 ; 0.4235
19421.7 ; 44 ; 0.45 ; 0.2527229 ; 0.2523825 ; 0.4236
19440.1 ; 45 ; 0.40 ; 0.2526938 ; 0.2523634 ; 0.4244
19460.1 ; 46 ; 0.39 ; 0.2526930 ; 0.2523721 ; 0.4238
19478.6 ; 47 ; 0.39 ; 0.2526404 ; 0.2523260 ; 0.4236
19497.0 ; 48 ; 0.43 ; 0.2525787 ; 0.2522740 ; 0.4240
19515.5 ; 49 ; 0.39 ; 0.2525354 ; 0.2522433 ; 0.4247
19533.9 ; 50 ; 0.42 ; 0.2525045 ; 0.2522149 ; 0.4250
19552.3 ; 51 ; 0.35 ; 0.2524366 ; 0.2521348 ; 0.4236
19570.8 ; 52 ; 0.39 ; 0.2524443 ; 0.2521606 ; 0.4230
19589.1 ; 53 ; 0.32 ; 0.2523721 ; 0.2520883 ; 0.4238
19607.7 ; 54 ; 0.51 ; 0.2523351 ; 0.2520594 ; 0.4246
19626.2 ; 55 ; 0.34 ; 0.2523054 ; 0.2520353 ; 0.4244
19644.6 ; 56 ; 0.44 ; 0.2522250 ; 0.2519577 ; 0.4242
19662.9 ; 57 ; 0.37 ; 0.2521889 ; 0.2519170 ; 0.4244
19681.1 ; 58 ; 0.45 ; 0.2521609 ; 0.2519112 ; 0.4259
19699.6 ; 59 ; 0.34 ; 0.2521256 ; 0.2518890 ; 0.4250
19718.0 ; 60 ; 0.45 ; 0.2520673 ; 0.2518301 ; 0.4243
19736.4 ; 61 ; 0.36 ; 0.2520315 ; 0.2518010 ; 0.4261
19755.6 ; 62 ; 0.34 ; 0.2519925 ; 0.2517589 ; 0.4256
19774.2 ; 63 ; 0.44 ; 0.2519186 ; 0.2516818 ; 0.4260
19792.6 ; 64 ; 0.38 ; 0.2518845 ; 0.2516451 ; 0.4265
19811.0 ; 65 ; 0.36 ; 0.2518727 ; 0.2516538 ; 0.4271
19829.3 ; 66 ; 0.45 ; 0.2518312 ; 0.2515989 ; 0.4268
19847.7 ; 67 ; 0.44 ; 0.2517650 ; 0.2515402 ; 0.4260
19866.4 ; 68 ; 0.41 ; 0.2517123 ; 0.2514830 ; 0.4266
19886.2 ; 69 ; 0.40 ; 0.2516642 ; 0.2514343 ; 0.4259
19904.6 ; 70 ; 0.40 ; 0.2516160 ; 0.2513951 ; 0.4271
19923.2 ; 71 ; 0.42 ; 0.2515921 ; 0.2513740 ; 0.4257
19941.8 ; 72 ; 0.41 ; 0.2515630 ; 0.2513413 ; 0.4251
19960.2 ; 73 ; 0.42 ; 0.2515041 ; 0.2512770 ; 0.4267
19978.6 ; 74 ; 0.35 ; 0.2514715 ; 0.2512506 ; 0.4263
19997.1 ; 75 ; 0.45 ; 0.2514170 ; 0.2511940 ; 0.4273
20015.4 ; 76 ; 0.47 ; 0.2514109 ; 0.2511790 ; 0.4275
20034.1 ; 77 ; 0.41 ; 0.2513897 ; 0.2511524 ; 0.4273
20052.6 ; 78 ; 0.43 ; 0.2513396 ; 0.2511140 ; 0.4279
20071.0 ; 79 ; 0.46 ; 0.2512581 ; 0.2510336 ; 0.4276
20089.4 ; 80 ; 0.41 ; 0.2512476 ; 0.2510368 ; 0.4274
20107.9 ; 81 ; 0.45 ; 0.2512113 ; 0.2510163 ; 0.4268
20126.5 ; 82 ; 0.38 ; 0.2511791 ; 0.2509915 ; 0.4267
20144.7 ; 83 ; 0.44 ; 0.2511375 ; 0.2509359 ; 0.4268
20163.1 ; 84 ; 0.39 ; 0.2511279 ; 0.2509404 ; 0.4268
20182.4 ; 85 ; 0.43 ; 0.2510771 ; 0.2508820 ; 0.4270
20200.8 ; 86 ; 0.42 ; 0.2510161 ; 0.2508247 ; 0.4271
20219.3 ; 87 ; 0.35 ; 0.2510034 ; 0.2508021 ; 0.4273
20237.7 ; 88 ; 0.31 ; 0.2509786 ; 0.2507884 ; 0.4265
20256.2 ; 89 ; 0.45 ; 0.2509220 ; 0.2507413 ; 0.4273
20274.6 ; 90 ; 0.41 ; 0.2508911 ; 0.2507110 ; 0.4285
20293.1 ; 91 ; 0.34 ; 0.2508662 ; 0.2506810 ; 0.4286
20313.1 ; 92 ; 0.39 ; 0.2508354 ; 0.2506441 ; 0.4280
20331.5 ; 93 ; 0.42 ; 0.2508027 ; 0.2506192 ; 0.4293
20350.0 ; 94 ; 0.34 ; 0.2507538 ; 0.2505632 ; 0.4280
20368.4 ; 95 ; 0.37 ; 0.2507528 ; 0.2505625 ; 0.4278
20386.9 ; 96 ; 0.40 ; 0.2507431 ; 0.2505641 ; 0.4287
20405.5 ; 97 ; 0.47 ; 0.2506593 ; 0.2504749 ; 0.4285
20423.8 ; 98 ; 0.47 ; 0.2506347 ; 0.2504406 ; 0.4281
20442.2 ; 99 ; 0.38 ; 0.2506144 ; 0.2504305 ; 0.4295
20476.9 ; 1 ; 0.34 ; 0.2505602 ; 0.2504047 ; 0.4279
20495.4 ; 2 ; 0.45 ; 0.2504541 ; 0.2502814 ; 0.4282
20513.8 ; 3 ; 0.45 ; 0.2504146 ; 0.2502485 ; 0.4282
20532.4 ; 4 ; 0.37 ; 0.2503707 ; 0.2502044 ; 0.4294
20550.7 ; 5 ; 0.38 ; 0.2503181 ; 0.2501594 ; 0.4288
20569.3 ; 6 ; 0.42 ; 0.2502888 ; 0.2501388 ; 0.4293
20588.2 ; 7 ; 0.40 ; 0.2502819 ; 0.2501284 ; 0.4292
20606.9 ; 8 ; 0.41 ; 0.2502601 ; 0.2501022 ; 0.4293
20625.5 ; 9 ; 0.47 ; 0.2501925 ; 0.2500308 ; 0.4295
20644.1 ; 10 ; 0.45 ; 0.2501731 ; 0.2500055 ; 0.4296
20662.6 ; 11 ; 0.40 ; 0.2501711 ; 0.2500004 ; 0.4288
20681.1 ; 12 ; 0.35 ; 0.2501219 ; 0.2499484 ; 0.4295
20699.6 ; 13 ; 0.38 ; 0.2500790 ; 0.2499112 ; 0.4290
20717.8 ; 14 ; 0.45 ; 0.2500188 ; 0.2498487 ; 0.4288
20737.6 ; 15 ; 0.44 ; 0.2499702 ; 0.2498009 ; 0.4290
20756.0 ; 16 ; 0.38 ; 0.2499583 ; 0.2498133 ; 0.4293
20774.5 ; 17 ; 0.29 ; 0.2498988 ; 0.2497435 ; 0.4299
20793.0 ; 18 ; 0.43 ; 0.2498816 ; 0.2497287 ; 0.4286
20811.5 ; 19 ; 0.42 ; 0.2498399 ; 0.2497046 ; 0.4301
20830.1 ; 20 ; 0.35 ; 0.2497933 ; 0.2496480 ; 0.4298
20848.6 ; 21 ; 0.39 ; 0.2497654 ; 0.2496162 ; 0.4301
20867.0 ; 22 ; 0.46 ; 0.2496968 ; 0.2495475 ; 0.4308
20885.3 ; 23 ; 0.37 ; 0.2496821 ; 0.2495320 ; 0.4304
20903.6 ; 24 ; 0.40 ; 0.2496534 ; 0.2495104 ; 0.4309
20922.1 ; 25 ; 0.42 ; 0.2495946 ; 0.2494453 ; 0.4304
20940.5 ; 26 ; 0.31 ; 0.2495791 ; 0.2494440 ; 0.4305
20958.7 ; 27 ; 0.41 ; 0.2495295 ; 0.2494098 ; 0.4318
20977.0 ; 28 ; 0.38 ; 0.2494996 ; 0.2493562 ; 0.4311
20995.5 ; 29 ; 0.41 ; 0.2494821 ; 0.2493421 ; 0.4300
21014.8 ; 30 ; 0.36 ; 0.2494216 ; 0.2492749 ; 0.4307
21033.3 ; 31 ; 0.38 ; 0.2493895 ; 0.2492354 ; 0.4312
21051.6 ; 32 ; 0.37 ; 0.2493529 ; 0.2492023 ; 0.4303
21070.1 ; 33 ; 0.43 ; 0.2493232 ; 0.2491801 ; 0.4316
21088.6 ; 34 ; 0.42 ; 0.2492565 ; 0.2491035 ; 0.4316
21106.8 ; 35 ; 0.38 ; 0.2492170 ; 0.2490750 ; 0.4325
21125.2 ; 36 ; 0.41 ; 0.2491639 ; 0.2490135 ; 0.4313
21143.7 ; 37 ; 0.40 ; 0.2491886 ; 0.2490504 ; 0.4307
21163.2 ; 38 ; 0.47 ; 0.2491138 ; 0.2489708 ; 0.4314
21181.9 ; 39 ; 0.46 ; 0.2490805 ; 0.2489375 ; 0.4320
21200.2 ; 40 ; 0.38 ; 0.2490546 ; 0.2489192 ; 0.4315
21218.4 ; 41 ; 0.36 ; 0.2489917 ; 0.2488536 ; 0.4316
21236.9 ; 42 ; 0.36 ; 0.2489701 ; 0.2488113 ; 0.4324
21255.5 ; 43 ; 0.44 ; 0.2489748 ; 0.2488334 ; 0.4316
21273.9 ; 44 ; 0.39 ; 0.2488994 ; 0.2487591 ; 0.4318
21292.3 ; 45 ; 0.28 ; 0.2488774 ; 0.2487347 ; 0.4323
21310.8 ; 46 ; 0.37 ; 0.2488625 ; 0.2487320 ; 0.4321
21329.3 ; 47 ; 0.27 ; 0.2488460 ; 0.2487114 ; 0.4320
21347.8 ; 48 ; 0.40 ; 0.2488057 ; 0.2486836 ; 0.4320
21366.2 ; 49 ; 0.39 ; 0.2487698 ; 0.2486472 ; 0.4319
21384.7 ; 50 ; 0.45 ; 0.2486757 ; 0.2485663 ; 0.4326
21403.2 ; 51 ; 0.42 ; 0.2486024 ; 0.2484678 ; 0.4331
21421.7 ; 52 ; 0.25 ; 0.2486078 ; 0.2484645 ; 0.4326
21440.9 ; 53 ; 0.29 ; 0.2485845 ; 0.2484421 ; 0.4332
21459.2 ; 54 ; 0.35 ; 0.2485934 ; 0.2484741 ; 0.4337
21477.6 ; 55 ; 0.43 ; 0.2485390 ; 0.2484192 ; 0.4332
21496.0 ; 56 ; 0.44 ; 0.2484876 ; 0.2483736 ; 0.4332
21514.4 ; 57 ; 0.44 ; 0.2484473 ; 0.2483338 ; 0.4334
21532.9 ; 58 ; 0.33 ; 0.2484073 ; 0.2482789 ; 0.4347
21551.3 ; 59 ; 0.34 ; 0.2483950 ; 0.2482685 ; 0.4340
21569.6 ; 60 ; 0.45 ; 0.2483758 ; 0.2482347 ; 0.4333
21589.0 ; 61 ; 0.32 ; 0.2483085 ; 0.2481580 ; 0.4339
21608.0 ; 62 ; 0.41 ; 0.2482519 ; 0.2481113 ; 0.4336
21626.5 ; 63 ; 0.47 ; 0.2482430 ; 0.2481151 ; 0.4349
21644.8 ; 64 ; 0.41 ; 0.2481988 ; 0.2480705 ; 0.4339
21663.4 ; 65 ; 0.45 ; 0.2481462 ; 0.2480096 ; 0.4336
21682.2 ; 66 ; 0.47 ; 0.2480813 ; 0.2479517 ; 0.4348
21700.7 ; 67 ; 0.43 ; 0.2480538 ; 0.2479361 ; 0.4334
21719.0 ; 68 ; 0.34 ; 0.2480171 ; 0.2478877 ; 0.4326
21737.5 ; 69 ; 0.35 ; 0.2479955 ; 0.2478695 ; 0.4337
21756.1 ; 70 ; 0.48 ; 0.2479499 ; 0.2478122 ; 0.4336
21774.7 ; 71 ; 0.38 ; 0.2479256 ; 0.2477980 ; 0.4339
21793.1 ; 72 ; 0.50 ; 0.2478734 ; 0.2477513 ; 0.4329
21811.6 ; 73 ; 0.37 ; 0.2478109 ; 0.2476812 ; 0.4339
21830.1 ; 74 ; 0.36 ; 0.2478040 ; 0.2476899 ; 0.4330
21848.8 ; 75 ; 0.33 ; 0.2477721 ; 0.2476598 ; 0.4341
21867.9 ; 76 ; 0.45 ; 0.2477892 ; 0.2476954 ; 0.4348
21886.4 ; 77 ; 0.34 ; 0.2477032 ; 0.2476032 ; 0.4345
21904.7 ; 78 ; 0.38 ; 0.2476853 ; 0.2475908 ; 0.4342
21923.1 ; 79 ; 0.46 ; 0.2476424 ; 0.2475618 ; 0.4337
21941.6 ; 80 ; 0.35 ; 0.2476094 ; 0.2475348 ; 0.4337
21960.1 ; 81 ; 0.37 ; 0.2475849 ; 0.2475062 ; 0.4335
21978.5 ; 82 ; 0.37 ; 0.2475286 ; 0.2474375 ; 0.4341
21996.9 ; 83 ; 0.35 ; 0.2475135 ; 0.2474272 ; 0.4348
22016.3 ; 84 ; 0.37 ; 0.2474742 ; 0.2473956 ; 0.4343
22035.3 ; 85 ; 0.39 ; 0.2474125 ; 0.2473370 ; 0.4346
22053.6 ; 86 ; 0.39 ; 0.2473876 ; 0.2473213 ; 0.4346
22072.2 ; 87 ; 0.35 ; 0.2473494 ; 0.2472770 ; 0.4338
22090.6 ; 88 ; 0.34 ; 0.2473347 ; 0.2472756 ; 0.4340
22109.1 ; 89 ; 0.38 ; 0.2473096 ; 0.2472548 ; 0.4342
22127.6 ; 90 ; 0.48 ; 0.2472504 ; 0.2471941 ; 0.4341
22146.1 ; 91 ; 0.46 ; 0.2471904 ; 0.2471454 ; 0.4339
22164.6 ; 92 ; 0.34 ; 0.2471882 ; 0.2471565 ; 0.4342
22183.1 ; 93 ; 0.36 ; 0.2471595 ; 0.2471378 ; 0.4339
22201.6 ; 94 ; 0.36 ; 0.2471194 ; 0.2471012 ; 0.4338
22220.4 ; 95 ; 0.40 ; 0.2470845 ; 0.2470466 ; 0.4350
22238.9 ; 96 ; 0.48 ; 0.2470770 ; 0.2470428 ; 0.4333
22257.4 ; 97 ; 0.46 ; 0.2470139 ; 0.2469846 ; 0.4344
22276.7 ; 98 ; 0.37 ; 0.2469853 ; 0.2469492 ; 0.4345
22295.3 ; 99 ; 0.34 ; 0.2469468 ; 0.2469111 ; 0.4354
22331.1 ; 1 ; 0.54 ; 0.3417680 ; 0.3412726 ; 0.1000
22350.3 ; 2 ; 0.43 ; 0.3414789 ; 0.3409906 ; 0.1000
22369.3 ; 3 ; 0.51 ; 0.3410195 ; 0.3405371 ; 0.1000
22388.3 ; 4 ; 0.51 ; 0.3406988 ; 0.3402234 ; 0.1000
22407.5 ; 5 ; 0.48 ; 0.3403699 ; 0.3399070 ; 0.1000
22426.7 ; 6 ; 0.41 ; 0.3400703 ; 0.3396094 ; 0.1000
22446.8 ; 7 ; 0.58 ; 0.3397957 ; 0.3393400 ; 0.1000
22466.1 ; 8 ; 0.53 ; 0.3393374 ; 0.3388980 ; 0.1000
22485.2 ; 9 ; 0.56 ; 0.3390156 ; 0.3385870 ; 0.1000
22504.2 ; 10 ; 0.47 ; 0.3387870 ; 0.3383873 ; 0.1000
22523.3 ; 11 ; 0.52 ; 0.3384110 ; 0.3380144 ; 0.1000
22542.5 ; 12 ; 0.47 ; 0.3381879 ; 0.3378060 ; 0.1000
22561.6 ; 13 ; 0.45 ; 0.3379303 ; 0.3375598 ; 0.1000
22580.9 ; 14 ; 0.50 ; 0.3377283 ; 0.3373506 ; 0.1000
22600.0 ; 15 ; 0.41 ; 0.3375590 ; 0.3371702 ; 0.1000
22619.2 ; 16 ; 0.40 ; 0.3373877 ; 0.3370031 ; 0.1000
22638.4 ; 17 ; 0.49 ; 0.3371548 ; 0.3367661 ; 0.1000
22657.5 ; 18 ; 0.52 ; 0.3369036 ; 0.3365398 ; 0.1000
22676.7 ; 19 ; 0.45 ; 0.3366703 ; 0.3363115 ; 0.1000
22696.5 ; 20 ; 0.52 ; 0.3364573 ; 0.3361057 ; 0.1000
22715.7 ; 21 ; 0.46 ; 0.3361376 ; 0.3357630 ; 0.1000
22734.8 ; 22 ; 0.53 ; 0.3358089 ; 0.3354561 ; 0.1000
22754.0 ; 23 ; 0.50 ; 0.3355933 ; 0.3352589 ; 0.1000
22773.0 ; 24 ; 0.50 ; 0.3353686 ; 0.3350432 ; 0.1000
22792.0 ; 25 ; 0.52 ; 0.3350843 ; 0.3347641 ; 0.1000
22811.1 ; 26 ; 0.46 ; 0.3347524 ; 0.3344583 ; 0.1000
22830.2 ; 27 ; 0.53 ; 0.3343190 ; 0.3340334 ; 0.1000
22849.1 ; 28 ; 0.42 ; 0.3338620 ; 0.3335857 ; 0.1000
22868.5 ; 29 ; 0.51 ; 0.3330187 ; 0.3327748 ; 0.1000
22888.7 ; 30 ; 0.58 ; 0.3318855 ; 0.3316741 ; 0.1000
22907.8 ; 31 ; 0.51 ; 0.3304097 ; 0.3302413 ; 0.1000
22927.0 ; 32 ; 0.49 ; 0.3285494 ; 0.3284144 ; 0.1000
22946.0 ; 33 ; 0.46 ; 0.3259594 ; 0.3258384 ; 0.1000
22965.1 ; 34 ; 0.49 ; 0.3236334 ; 0.3235224 ; 0.1000
22984.3 ; 35 ; 0.51 ; 0.3205980 ; 0.3204967 ; 0.1010
23003.5 ; 36 ; 0.52 ; 0.3176517 ; 0.3175445 ; 0.1054
23022.6 ; 37 ; 0.39 ; 0.3156373 ; 0.3155362 ; 0.1174
23041.7 ; 38 ; 0.46 ; 0.3142579 ; 0.3141750 ; 0.1276
23060.8 ; 39 ; 0.44 ; 0.3134882 ; 0.3134195 ; 0.1214
23079.9 ; 40 ; 0.47 ; 0.3130708 ; 0.3130122 ; 0.1201
23099.0 ; 41 ; 0.42 ; 0.3126142 ; 0.3125815 ; 0.1189
23118.8 ; 42 ; 0.49 ; 0.3121754 ; 0.3121642 ; 0.1214
23137.8 ; 43 ; 0.39 ; 0.3115937 ; 0.3115967 ; 0.1226
23156.8 ; 44 ; 0.56 ; 0.3108291 ; 0.3108491 ; 0.1233
23175.9 ; 45 ; 0.47 ; 0.3101223 ; 0.3101519 ; 0.1256
23194.9 ; 46 ; 0.62 ; 0.3092432 ; 0.3093089 ; 0.1284
23214.1 ; 47 ; 0.50 ; 0.3083489 ; 0.3084389 ; 0.1236
23233.1 ; 48 ; 0.44 ; 0.3075676 ; 0.3076606 ; 0.1307
23252.3 ; 49 ; 0.47 ; 0.3067880 ; 0.3068927 ; 0.1416
23271.5 ; 50 ; 0.47 ; 0.3062240 ; 0.3063406 ; 0.1477
23290.6 ; 51 ; 0.45 ; 0.3058447 ; 0.3059745 ; 0.1597
23311.2 ; 52 ; 0.48 ; 0.3055674 ; 0.3057109 ; 0.1678
23330.3 ; 53 ; 0.44 ; 0.3053276 ; 0.3054775 ; 0.1683
23349.4 ; 54 ; 0.41 ; 0.3051944 ; 0.3053544 ; 0.1701
23368.4 ; 55 ; 0.49 ; 0.3049290 ; 0.3051003 ; 0.1694
23387.2 ; 56 ; 0.47 ; 0.3047132 ; 0.3048795 ; 0.1716
23406.2 ; 57 ; 0.48 ; 0.3045372 ; 0.3047210 ; 0.1731
23425.5 ; 58 ; 0.45 ; 0.3044114 ; 0.3045900 ; 0.1756
23444.6 ; 59 ; 0.42 ; 0.3042086 ; 0.3043970 ; 0.1754
23463.6 ; 60 ; 0.39 ; 0.3040828 ; 0.3042792 ; 0.1793
23482.9 ; 61 ; 0.42 ; 0.3038822 ; 0.3040805 ; 0.1791
23502.0 ; 62 ; 0.46 ; 0.3038059 ; 0.3040112 ; 0.1814
23521.1 ; 63 ; 0.38 ; 0.3036528 ; 0.3038620 ; 0.1828
23540.9 ; 64 ; 0.43 ; 0.3035005 ; 0.3037057 ; 0.1831
23560.2 ; 65 ; 0.42 ; 0.3033425 ; 0.3035447 ; 0.1865
23579.4 ; 66 ; 0.38 ; 0.3032543 ; 0.3034517 ; 0.1882
23598.6 ; 67 ; 0.50 ; 0.3031107 ; 0.3033081 ; 0.1908
23617.8 ; 68 ; 0.41 ; 0.3029966 ; 0.3032105 ; 0.1932
23636.8 ; 69 ; 0.49 ; 0.3028492 ; 0.3030658 ; 0.1927
23655.9 ; 70 ; 0.43 ; 0.3027370 ; 0.3029629 ; 0.1941
23675.0 ; 71 ; 0.41 ; 0.3026171 ; 0.3028517 ; 0.1978
23694.1 ; 72 ; 0.53 ; 0.3024338 ; 0.3026750 ; 0.1985
23713.2 ; 73 ; 0.37 ; 0.3023887 ; 0.3026347 ; 0.1990
23733.1 ; 74 ; 0.37 ; 0.3022957 ; 0.3025424 ; 0.2012
23752.7 ; 75 ; 0.44 ; 0.3021360 ; 0.3023797 ; 0.2000
23771.8 ; 76 ; 0.51 ; 0.3019608 ; 0.3022040 ; 0.2028
23790.7 ; 77 ; 0.42 ; 0.3018282 ; 0.3020786 ; 0.2036
23809.8 ; 78 ; 0.44 ; 0.3016902 ; 0.3019321 ; 0.2040
23829.0 ; 79 ; 0.49 ; 0.3015740 ; 0.3018344 ; 0.2061
23848.1 ; 80 ; 0.45 ; 0.3014961 ; 0.3017685 ; 0.2082
23867.3 ; 81 ; 0.45 ; 0.3014245 ; 0.3016931 ; 0.2067
23886.3 ; 82 ; 0.43 ; 0.3013193 ; 0.3015821 ; 0.2093
23905.2 ; 83 ; 0.43 ; 0.3012354 ; 0.3015052 ; 0.2111
23924.4 ; 84 ; 0.43 ; 0.3011569 ; 0.3014231 ; 0.2111
23943.5 ; 85 ; 0.42 ; 0.3010547 ; 0.3013196 ; 0.2100
23963.4 ; 86 ; 0.44 ; 0.3009893 ; 0.3012624 ; 0.2126
23982.6 ; 87 ; 0.42 ; 0.3008816 ; 0.3011633 ; 0.2130
24001.8 ; 88 ; 0.49 ; 0.3007955 ; 0.3010829 ; 0.2163
24021.0 ; 89 ; 0.33 ; 0.3007538 ; 0.3010335 ; 0.2189
24040.1 ; 90 ; 0.40 ; 0.3007090 ; 0.3009949 ; 0.2214
24059.1 ; 91 ; 0.39 ; 0.3006047 ; 0.3008939 ; 0.2210
24078.0 ; 92 ; 0.41 ; 0.3005171 ; 0.3008144 ; 0.2211
24097.1 ; 93 ; 0.36 ; 0.3004546 ; 0.3007459 ; 0.2220
24116.2 ; 94 ; 0.36 ; 0.3004107 ; 0.3007044 ; 0.2231
24135.0 ; 95 ; 0.38 ; 0.3003131 ; 0.3006061 ; 0.2227
24154.1 ; 96 ; 0.44 ; 0.3002281 ; 0.3005149 ; 0.2230
24174.3 ; 97 ; 0.44 ; 0.3001330 ; 0.3004284 ; 0.2255
24193.5 ; 98 ; 0.47 ; 0.3000457 ; 0.3003456 ; 0.2282
24212.7 ; 99 ; 0.41 ; 0.2999726 ; 0.3002746 ; 0.2277
24231.7 ; 100 ; 0.42 ; 0.2998962 ; 0.3002007 ; 0.2275
24250.8 ; 101 ; 0.34 ; 0.2998423 ; 0.3001404 ; 0.2277
24270.0 ; 102 ; 0.42 ; 0.2997540 ; 0.3000513 ; 0.2335
24289.2 ; 103 ; 0.31 ; 0.2997238 ; 0.3000133 ; 0.2306
24308.3 ; 104 ; 0.45 ; 0.2996517 ; 0.2999328 ; 0.2331
24327.4 ; 105 ; 0.32 ; 0.2996000 ; 0.2998689 ; 0.2334
24346.5 ; 106 ; 0.38 ; 0.2995530 ; 0.2998319 ; 0.2341
24365.6 ; 107 ; 0.42 ; 0.2994732 ; 0.2997580 ; 0.2355
24385.4 ; 108 ; 0.40 ; 0.2994290 ; 0.2997095 ; 0.2368
24404.5 ; 109 ; 0.33 ; 0.2993985 ; 0.2996785 ; 0.2372
24423.5 ; 110 ; 0.35 ; 0.2993593 ; 0.2996258 ; 0.2366
24442.9 ; 111 ; 0.30 ; 0.2992766 ; 0.2995437 ; 0.2373
24462.1 ; 112 ; 0.40 ; 0.2992154 ; 0.2994696 ; 0.2380
24481.3 ; 113 ; 0.45 ; 0.2991548 ; 0.2994220 ; 0.2393
24500.5 ; 114 ; 0.45 ; 0.2990978 ; 0.2993627 ; 0.2401
24519.5 ; 115 ; 0.39 ; 0.2990433 ; 0.2993187 ; 0.2405
24538.7 ; 116 ; 0.34 ; 0.2989769 ; 0.2992526 ; 0.2399
24557.9 ; 117 ; 0.40 ; 0.2989252 ; 0.2992014 ; 0.2414
24576.9 ; 118 ; 0.50 ; 0.2988777 ; 0.2991590 ; 0.2430
24597.3 ; 119 ; 0.36 ; 0.2988478 ; 0.2991202 ; 0.2420
24616.6 ; 120 ; 0.46 ; 0.2987611 ; 0.2990384 ; 0.2426
24635.7 ; 121 ; 0.36 ; 0.2987663 ; 0.2990608 ; 0.2421
24654.8 ; 122 ; 0.33 ; 0.2986667 ; 0.2989539 ; 0.2432
24673.9 ; 123 ; 0.28 ; 0.2986036 ; 0.2988908 ; 0.2440
24693.0 ; 124 ; 0.39 ; 0.2985685 ; 0.2988549 ; 0.2455
24712.0 ; 125 ; 0.34 ; 0.2985244 ; 0.2988123 ; 0.2466
24731.1 ; 126 ; 0.38 ; 0.2984659 ; 0.2987559 ; 0.2440
24750.1 ; 127 ; 0.31 ; 0.2984063 ; 0.2986906 ; 0.2486
24769.3 ; 128 ; 0.40 ; 0.2983782 ; 0.2986780 ; 0.2494
24788.3 ; 129 ; 0.33 ; 0.2983058 ; 0.2985990 ; 0.2469
24808.2 ; 130 ; 0.40 ; 0.2982738 ; 0.2985553 ; 0.2480
24827.5 ; 131 ; 0.39 ; 0.2982118 ; 0.2984986 ; 0.2502
24846.8 ; 132 ; 0.37 ; 0.2981395 ; 0.2984394 ; 0.2470
24866.1 ; 133 ; 0.36 ; 0.2981065 ; 0.2983918 ; 0.2482
24885.3 ; 134 ; 0.37 ; 0.2980516 ; 0.2983528 ; 0.2496
24904.5 ; 135 ; 0.39 ; 0.2980064 ; 0.2983124 ; 0.2506
24923.5 ; 136 ; 0.44 ; 0.2979499 ; 0.2982491 ; 0.2523
24942.5 ; 137 ; 0.42 ; 0.2978950 ; 0.2982002 ; 0.2510
24961.6 ; 138 ; 0.32 ; 0.2978701 ; 0.2981670 ; 0.2514
24980.7 ; 139 ; 0.37 ; 0.2978530 ; 0.2981609 ; 0.2510
24999.9 ; 140 ; 0.33 ; 0.2977775 ; 0.2980763 ; 0.2520
25019.8 ; 141 ; 0.39 ; 0.2977113 ; 0.2980144 ; 0.2525
25039.5 ; 142 ; 0.43 ; 0.2976745 ; 0.2979955 ; 0.2502
25058.7 ; 143 ; 0.36 ; 0.2976248 ; 0.2979298 ; 0.2537
25077.9 ; 144 ; 0.45 ; 0.2975501 ; 0.2978521 ; 0.2526
25097.0 ; 145 ; 0.27 ; 0.2975499 ; 0.2978621 ; 0.2544
25116.1 ; 146 ; 0.36 ; 0.2974671 ; 0.2977697 ; 0.2541
25135.2 ; 147 ; 0.39 ; 0.2974203 ; 0.2977192 ; 0.2535
25154.3 ; 148 ; 0.40 ; 0.2973623 ; 0.2976529 ; 0.2518
25173.4 ; 149 ; 0.29 ; 0.2973566 ; 0.2976610 ; 0.2534
25192.5 ; 150 ; 0.35 ; 0.2972693 ; 0.2975673 ; 0.2551
25211.6 ; 151 ; 0.36 ; 0.2972355 ; 0.2975490 ; 0.2544
25231.6 ; 152 ; 0.38 ; 0.2971953 ; 0.2975242 ; 0.2558
25250.7 ; 153 ; 0.29 ; 0.2971480 ; 0.2974885 ; 0.2587
25269.7 ; 154 ; 0.37 ; 0.2970944 ; 0.2974279 ; 0.2533
25288.8 ; 155 ; 0.32 ; 0.2970617 ; 0.2973862 ; 0.2556
25307.9 ; 156 ; 0.36 ; 0.2970221 ; 0.2973386 ; 0.2553
25326.9 ; 157 ; 0.40 ; 0.2969805 ; 0.2972989 ; 0.2568
25346.0 ; 158 ; 0.39 ; 0.2969388 ; 0.2972613 ; 0.2554
25365.1 ; 159 ; 0.41 ; 0.2968824 ; 0.2972084 ; 0.2577
25384.2 ; 160 ; 0.41 ; 0.2968767 ; 0.2971921 ; 0.2575
25403.4 ; 161 ; 0.42 ; 0.2967969 ; 0.2971191 ; 0.2584
25422.5 ; 162 ; 0.40 ; 0.2967644 ; 0.2970913 ; 0.2589
25441.7 ; 163 ; 0.35 ; 0.2967298 ; 0.2970468 ; 0.2564
25462.2 ; 164 ; 0.30 ; 0.2966939 ; 0.2970059 ; 0.2586
25481.2 ; 165 ; 0.34 ; 0.2966136 ; 0.2969227 ; 0.2580
25500.4 ; 166 ; 0.40 ; 0.2965666 ; 0.2968747 ; 0.2589
25519.6 ; 167 ; 0.36 ; 0.2965074 ; 0.2968254 ; 0.2583
25538.9 ; 168 ; 0.42 ; 0.2964822 ; 0.2968075 ; 0.2585
25558.1 ; 169 ; 0.40 ; 0.2964187 ; 0.2967433 ; 0.2590
25577.4 ; 170 ; 0.31 ; 0.2963695 ; 0.2966977 ; 0.2561
25596.5 ; 171 ; 0.29 ; 0.2963257 ; 0.2966425 ; 0.2592
25615.5 ; 172 ; 0.38 ; 0.2962639 ; 0.2965746 ; 0.2576
25634.7 ; 173 ; 0.36 ; 0.2961942 ; 0.2965020 ; 0.2600
25654.7 ; 174 ; 0.29 ; 0.2961691 ; 0.2964796 ; 0.2600
25674.0 ; 175 ; 0.35 ; 0.2961042 ; 0.2964182 ; 0.2598
25693.2 ; 176 ; 0.43 ; 0.2960732 ; 0.2963957 ; 0.2599
25712.2 ; 177 ; 0.41 ; 0.2960357 ; 0.2963683 ; 0.2591
25731.3 ; 178 ; 0.39 ; 0.2959321 ; 0.2962709 ; 0.2598
25750.7 ; 179 ; 0.38 ; 0.2959250 ; 0.2962658 ; 0.2594
25769.8 ; 180 ; 0.43 ; 0.2958614 ; 0.2962153 ; 0.2605
25788.9 ; 181 ; 0.28 ; 0.2958081 ; 0.2961653 ; 0.2589
25807.8 ; 182 ; 0.31 ; 0.2957602 ; 0.2961128 ; 0.2585
25827.1 ; 183 ; 0.37 ; 0.2957411 ; 0.2961098 ; 0.2581
25846.4 ; 184 ; 0.42 ; 0.2956516 ; 0.2960186 ; 0.2595
25865.4 ; 185 ; 0.34 ; 0.2955822 ; 0.2959491 ; 0.2581
25886.0 ; 186 ; 0.41 ; 0.2955789 ; 0.2959544 ; 0.2582
25904.9 ; 187 ; 0.36 ; 0.2955255 ; 0.2958894 ; 0.2571
25924.2 ; 188 ; 0.37 ; 0.2954517 ; 0.2958260 ; 0.2591
25943.4 ; 189 ; 0.38 ; 0.2953835 ; 0.2957393 ; 0.2572
25962.4 ; 190 ; 0.43 ; 0.2953346 ; 0.2956795 ; 0.2607
25981.5 ; 191 ; 0.35 ; 0.2952778 ; 0.2956157 ; 0.2565
26000.7 ; 192 ; 0.34 ; 0.2952402 ; 0.2955821 ; 0.2566
26019.9 ; 193 ; 0.46 ; 0.2952328 ; 0.2955699 ; 0.2588
26039.0 ; 194 ; 0.33 ; 0.2951670 ; 0.2955041 ; 0.2574
26058.1 ; 195 ; 0.42 ; 0.2951182 ; 0.2954639 ; 0.2564
26078.1 ; 196 ; 0.34 ; 0.2950420 ; 0.2953830 ; 0.2600
26097.2 ; 197 ; 0.33 ; 0.2950044 ; 0.2953518 ; 0.2585
26116.5 ; 198 ; 0.37 ; 0.2949897 ; 0.2953221 ; 0.2586
26135.5 ; 199 ; 0.27 ; 0.2949199 ; 0.2952503 ; 0.2580
26171.5 ; 201 ; 0.44 ; 0.2947383 ; 0.2950642 ; 0.2600
26190.6 ; 202 ; 0.39 ; 0.2946694 ; 0.2950040 ; 0.2603
26209.6 ; 203 ; 0.42 ; 0.2946053 ; 0.2949363 ; 0.2572
26228.9 ; 204 ; 0.33 ; 0.2945347 ; 0.2948644 ; 0.2581
26248.0 ; 205 ; 0.47 ; 0.2944335 ; 0.2947488 ; 0.2571
26267.1 ; 206 ; 0.36 ; 0.2943772 ; 0.2946978 ; 0.2574
26286.2 ; 207 ; 0.36 ; 0.2943398 ; 0.2946551 ; 0.2579
26306.0 ; 208 ; 0.39 ; 0.2942802 ; 0.2946007 ; 0.2571
26325.9 ; 209 ; 0.38 ; 0.2941827 ; 0.2944906 ; 0.2574
26345.0 ; 210 ; 0.31 ; 0.2941381 ; 0.2944504 ; 0.2555
26364.0 ; 211 ; 0.37 ; 0.2940649 ; 0.2943791 ; 0.2577
26383.2 ; 212 ; 0.44 ; 0.2939687 ; 0.2942862 ; 0.2594
26402.6 ; 213 ; 0.38 ; 0.2938831 ; 0.2941962 ; 0.2581
26421.9 ; 214 ; 0.33 ; 0.2938129 ; 0.2941375 ; 0.2590
26440.8 ; 215 ; 0.29 ; 0.2937346 ; 0.2940568 ; 0.2573
26460.0 ; 216 ; 0.43 ; 0.2936483 ; 0.2939700 ; 0.2564
26478.9 ; 217 ; 0.46 ; 0.2935420 ; 0.2938721 ; 0.2579
26499.0 ; 218 ; 0.45 ; 0.2934517 ; 0.2937718 ; 0.2583
26518.1 ; 219 ; 0.39 ; 0.2933877 ; 0.2937183 ; 0.2579
26537.3 ; 220 ; 0.46 ; 0.2932079 ; 0.2935467 ; 0.2571
26556.4 ; 221 ; 0.39 ; 0.2931317 ; 0.2934832 ; 0.2586
26575.5 ; 222 ; 0.49 ; 0.2930178 ; 0.2933725 ; 0.2573
26594.7 ; 223 ; 0.38 ; 0.2928964 ; 0.2932754 ; 0.2598
26613.9 ; 224 ; 0.43 ; 0.2927944 ; 0.2931682 ; 0.2589
26633.0 ; 225 ; 0.52 ; 0.2926254 ; 0.2930044 ; 0.2578
26652.1 ; 226 ; 0.49 ; 0.2923761 ; 0.2927604 ; 0.2615
26671.3 ; 227 ; 0.44 ; 0.2921638 ; 0.2925398 ; 0.2603
26690.5 ; 228 ; 0.52 ; 0.2918794 ; 0.2922553 ; 0.2616
26709.7 ; 229 ; 0.42 ; 0.2915888 ; 0.2919409 ; 0.2622
26728.9 ; 230 ; 0.57 ; 0.2912654 ; 0.2916099 ; 0.2603
26749.4 ; 231 ; 0.43 ; 0.2909342 ; 0.2912787 ; 0.2646
26768.6 ; 232 ; 0.51 ; 0.2904789 ; 0.2908393 ; 0.2655
26787.7 ; 233 ; 0.48 ; 0.2899513 ; 0.2903119 ; 0.2656
26806.9 ; 234 ; 0.45 ; 0.2895436 ; 0.2899121 ; 0.2700
26826.1 ; 235 ; 0.45 ; 0.2890095 ; 0.2893640 ; 0.2742
26845.2 ; 236 ; 0.44 ; 0.2884948 ; 0.2888600 ; 0.2783
26864.2 ; 237 ; 0.41 ; 0.2881753 ; 0.2885448 ; 0.2851
26883.2 ; 238 ; 0.46 ; 0.2876836 ; 0.2880453 ; 0.2927
26902.3 ; 239 ; 0.54 ; 0.2872261 ; 0.2875797 ; 0.3016
26922.4 ; 240 ; 0.46 ; 0.2869435 ; 0.2872863 ; 0.3055
26941.6 ; 241 ; 0.42 ; 0.2866316 ; 0.2869853 ; 0.3085
26960.6 ; 242 ; 0.52 ; 0.2863728 ; 0.2867162 ; 0.3107
26979.8 ; 243 ; 0.47 ; 0.2862360 ; 0.2865891 ; 0.3123
26999.0 ; 244 ; 0.51 ; 0.2860675 ; 0.2864232 ; 0.3102
27018.0 ; 245 ; 0.54 ; 0.2858485 ; 0.2862280 ; 0.3143
27037.1 ; 246 ; 0.52 ; 0.2856907 ; 0.2860555 ; 0.3135
27056.2 ; 247 ; 0.39 ; 0.2855150 ; 0.2858736 ; 0.3145
27075.3 ; 248 ; 0.38 ; 0.2854045 ; 0.2857813 ; 0.3146
27094.4 ; 249 ; 0.50 ; 0.2853121 ; 0.2856788 ; 0.3147
27113.4 ; 250 ; 0.53 ; 0.2850640 ; 0.2854471 ; 0.3189
27132.6 ; 251 ; 0.38 ; 0.2849495 ; 0.2853409 ; 0.3164
27151.7 ; 252 ; 0.44 ; 0.2847867 ; 0.2851841 ; 0.3138
27172.0 ; 253 ; 0.41 ; 0.2846770 ; 0.2850748 ; 0.3148
27191.3 ; 254 ; 0.42 ; 0.2845818 ; 0.2849883 ; 0.3195
27210.6 ; 255 ; 0.37 ; 0.2843687 ; 0.2847738 ; 0.3205
27229.9 ; 256 ; 0.41 ; 0.2842548 ; 0.2846555 ; 0.3234
27249.4 ; 257 ; 0.49 ; 0.2840519 ; 0.2844485 ; 0.3249
27268.5 ; 258 ; 0.42 ; 0.2839632 ; 0.2843613 ; 0.3241
27287.8 ; 259 ; 0.49 ; 0.2837704 ; 0.2841688 ; 0.3231
27306.7 ; 260 ; 0.40 ; 0.2836242 ; 0.2840077 ; 0.3245
27325.8 ; 261 ; 0.44 ; 0.2835214 ; 0.2838805 ; 0.3270
27345.9 ; 262 ; 0.40 ; 0.2833663 ; 0.2837118 ; 0.3278
27365.0 ; 263 ; 0.42 ; 0.2831955 ; 0.2835314 ; 0.3309
27384.1 ; 264 ; 0.42 ; 0.2830255 ; 0.2833527 ; 0.3321
27403.3 ; 265 ; 0.48 ; 0.2828229 ; 0.2831254 ; 0.3337
27422.5 ; 266 ; 0.38 ; 0.2826106 ; 0.2829129 ; 0.3364
27441.9 ; 267 ; 0.49 ; 0.2823731 ; 0.2826636 ; 0.3358
27461.1 ; 268 ; 0.49 ; 0.2822088 ; 0.2824861 ; 0.3384
27480.1 ; 269 ; 0.54 ; 0.2819114 ; 0.2821911 ; 0.3392
27499.3 ; 270 ; 0.42 ; 0.2816674 ; 0.2819389 ; 0.3422
27518.4 ; 271 ; 0.50 ; 0.2812844 ; 0.2815518 ; 0.3462
27537.5 ; 272 ; 0.50 ; 0.2810317 ; 0.2813007 ; 0.3479
27556.7 ; 273 ; 0.50 ; 0.2808155 ; 0.2810598 ; 0.3519
27575.8 ; 274 ; 0.49 ; 0.2804938 ; 0.2807344 ; 0.3567
27595.5 ; 275 ; 0.41 ; 0.2803859 ; 0.2806253 ; 0.3585
27615.3 ; 276 ; 0.41 ; 0.2802097 ; 0.2804524 ; 0.3591
27634.7 ; 277 ; 0.43 ; 0.2800409 ; 0.2802651 ; 0.3574
27653.7 ; 278 ; 0.46 ; 0.2798938 ; 0.2801186 ; 0.3591
27673.0 ; 279 ; 0.40 ; 0.2797371 ; 0.2799565 ; 0.3601
27692.2 ; 280 ; 0.47 ; 0.2796337 ; 0.2798405 ; 0.3597
27711.3 ; 281 ; 0.45 ; 0.2794336 ; 0.2796333 ; 0.3629
27730.2 ; 282 ; 0.42 ; 0.2793487 ; 0.2795371 ; 0.3609
27749.4 ; 283 ; 0.48 ; 0.2791797 ; 0.2793806 ; 0.3645
27769.4 ; 284 ; 0.48 ; 0.2791017 ; 0.2792872 ; 0.3617
27788.7 ; 285 ; 0.35 ; 0.2789682 ; 0.2791613 ; 0.3600
27807.7 ; 286 ; 0.29 ; 0.2788741 ; 0.2790717 ; 0.3589
27826.7 ; 287 ; 0.53 ; 0.2786934 ; 0.2788816 ; 0.3617
27845.8 ; 288 ; 0.41 ; 0.2785775 ; 0.2787681 ; 0.3605
27865.0 ; 289 ; 0.36 ; 0.2784585 ; 0.2786331 ; 0.3617
27884.0 ; 290 ; 0.45 ; 0.2783153 ; 0.2784756 ; 0.3608
27903.2 ; 291 ; 0.43 ; 0.2782189 ; 0.2783756 ; 0.3600
27922.4 ; 292 ; 0.42 ; 0.2780911 ; 0.2782631 ; 0.3609
27941.5 ; 293 ; 0.39 ; 0.2779542 ; 0.2781282 ; 0.3619
27960.6 ; 294 ; 0.37 ; 0.2779004 ; 0.2780546 ; 0.3589
27979.8 ; 295 ; 0.37 ; 0.2778241 ; 0.2779818 ; 0.3583
27998.9 ; 296 ; 0.40 ; 0.2777306 ; 0.2778783 ; 0.3601
28018.2 ; 297 ; 0.39 ; 0.2775882 ; 0.2777202 ; 0.3617
28038.6 ; 298 ; 0.49 ; 0.2775003 ; 0.2776290 ; 0.3617
28057.9 ; 299 ; 0.41 ; 0.2774112 ; 0.2775270 ; 0.3604
28093.9 ; 1 ; 0.51 ; 0.2771535 ; 0.2772673 ; 0.3598
28112.9 ; 2 ; 0.42 ; 0.2770398 ; 0.2771449 ; 0.3609
28132.1 ; 3 ; 0.41 ; 0.2769685 ; 0.2770709 ; 0.3590
28151.3 ; 4 ; 0.46 ; 0.2768482 ; 0.2769234 ; 0.3577
28170.5 ; 5 ; 0.45 ; 0.2766960 ; 0.2767746 ; 0.3593
28190.2 ; 6 ; 0.48 ; 0.2765497 ; 0.2766162 ; 0.3611
28209.3 ; 7 ; 0.44 ; 0.2764528 ; 0.2765120 ; 0.3619
28228.6 ; 8 ; 0.48 ; 0.2763090 ; 0.2763760 ; 0.3620
28248.1 ; 9 ; 0.43 ; 0.2762466 ; 0.2762785 ; 0.3581
28267.3 ; 10 ; 0.44 ; 0.2761708 ; 0.2761652 ; 0.3580
28286.4 ; 11 ; 0.42 ; 0.2760250 ; 0.2760215 ; 0.3582
28305.7 ; 12 ; 0.46 ; 0.2759209 ; 0.2759082 ; 0.3569
28324.8 ; 13 ; 0.44 ; 0.2758112 ; 0.2757775 ; 0.3575
28343.9 ; 14 ; 0.35 ; 0.2757599 ; 0.2757306 ; 0.3571
28363.0 ; 15 ; 0.47 ; 0.2755823 ; 0.2755432 ; 0.3591
28382.1 ; 16 ; 0.42 ; 0.2755289 ; 0.2754843 ; 0.3573
28401.2 ; 17 ; 0.37 ; 0.2754393 ; 0.2753894 ; 0.3580
28420.3 ; 18 ; 0.44 ; 0.2753456 ; 0.2752871 ; 0.3583
28439.4 ; 19 ; 0.37 ; 0.2752555 ; 0.2752082 ; 0.3564
28459.6 ; 20 ; 0.34 ; 0.2751812 ; 0.2751348 ; 0.3550
28479.0 ; 21 ; 0.46 ; 0.2750643 ; 0.2750053 ; 0.3583
28498.3 ; 22 ; 0.30 ; 0.2750175 ; 0.2749484 ; 0.3575
28517.6 ; 23 ; 0.39 ; 0.2749413 ; 0.2748641 ; 0.3584
28536.7 ; 24 ; 0.41 ; 0.2747966 ; 0.2747048 ; 0.3588
28555.9 ; 25 ; 0.48 ; 0.2746118 ; 0.2745059 ; 0.3571
28575.0 ; 26 ; 0.41 ; 0.2745601 ; 0.2744502 ; 0.3567
28594.2 ; 27 ; 0.30 ; 0.2745199 ; 0.2743970 ; 0.3560
28614.1 ; 28 ; 0.40 ; 0.2744688 ; 0.2743266 ; 0.3551
28633.3 ; 29 ; 0.39 ; 0.2743785 ; 0.2742244 ; 0.3531
28652.5 ; 30 ; 0.40 ; 0.2743253 ; 0.2741570 ; 0.3515
28671.7 ; 31 ; 0.41 ; 0.2741823 ; 0.2740071 ; 0.3512
28690.7 ; 32 ; 0.34 ; 0.2740960 ; 0.2739150 ; 0.3520
28709.9 ; 33 ; 0.35 ; 0.2740075 ; 0.2738366 ; 0.3524
28729.0 ; 34 ; 0.44 ; 0.2739109 ; 0.2737288 ; 0.3520
28748.3 ; 35 ; 0.38 ; 0.2738314 ; 0.2736476 ; 0.3521
28767.5 ; 36 ; 0.44 ; 0.2736981 ; 0.2735129 ; 0.3521
28786.6 ; 37 ; 0.31 ; 0.2736705 ; 0.2734771 ; 0.3513
28805.8 ; 38 ; 0.39 ; 0.2735620 ; 0.2733445 ; 0.3539
28825.0 ; 39 ; 0.38 ; 0.2735172 ; 0.2732800 ; 0.3521
28844.0 ; 40 ; 0.42 ; 0.2734360 ; 0.2731982 ; 0.3538
28863.1 ; 41 ; 0.45 ; 0.2733188 ; 0.2730876 ; 0.3540
28882.7 ; 42 ; 0.36 ; 0.2732405 ; 0.2729989 ; 0.3542
28902.7 ; 43 ; 0.36 ; 0.2731730 ; 0.2729320 ; 0.3544
28921.8 ; 44 ; 0.37 ; 0.2731031 ; 0.2728522 ; 0.3510
28941.0 ; 45 ; 0.33 ; 0.2730208 ; 0.2727749 ; 0.3527
28960.1 ; 46 ; 0.49 ; 0.2729461 ; 0.2727055 ; 0.3529
28979.2 ; 47 ; 0.40 ; 0.2729160 ; 0.2726624 ; 0.3539
28998.3 ; 48 ; 0.43 ; 0.2728213 ; 0.2725629 ; 0.3529
29017.5 ; 49 ; 0.38 ; 0.2727194 ; 0.2724715 ; 0.3532
29037.5 ; 50 ; 0.42 ; 0.2726731 ; 0.2723960 ; 0.3535
29056.8 ; 51 ; 0.35 ; 0.2725864 ; 0.2723096 ; 0.3528
29076.1 ; 52 ; 0.33 ; 0.2725136 ; 0.2722427 ; 0.3524
29095.1 ; 53 ; 0.33 ; 0.2724760 ; 0.2721922 ; 0.3535
29114.4 ; 54 ; 0.33 ; 0.2723930 ; 0.2721163 ; 0.3519
29133.5 ; 55 ; 0.47 ; 0.2723015 ; 0.2720250 ; 0.3515
29152.6 ; 56 ; 0.33 ; 0.2722820 ; 0.2720023 ; 0.3502
29171.7 ; 57 ; 0.34 ; 0.2721615 ; 0.2718812 ; 0.3501
29190.8 ; 58 ; 0.40 ; 0.2720820 ; 0.2718020 ; 0.3512
29210.0 ; 59 ; 0.43 ; 0.2720014 ; 0.2717159 ; 0.3505
29229.1 ; 60 ; 0.44 ; 0.2719564 ; 0.2716680 ; 0.3511
29248.1 ; 61 ; 0.39 ; 0.2719202 ; 0.2716517 ; 0.3517
29267.2 ; 62 ; 0.39 ; 0.2718273 ; 0.2715408 ; 0.3507
29286.3 ; 63 ; 0.31 ; 0.2717695 ; 0.2714754 ; 0.3496
29305.4 ; 64 ; 0.38 ; 0.2716502 ; 0.2713445 ; 0.3504
29325.9 ; 65 ; 0.41 ; 0.2715963 ; 0.2712934 ; 0.3484
29345.2 ; 66 ; 0.36 ; 0.2715885 ; 0.2712907 ; 0.3496
29364.4 ; 67 ; 0.48 ; 0.2714421 ; 0.2711573 ; 0.3501
29383.4 ; 68 ; 0.42 ; 0.2713998 ; 0.2711096 ; 0.3493
29402.5 ; 69 ; 0.33 ; 0.2713403 ; 0.2710415 ; 0.3492
29421.8 ; 70 ; 0.32 ; 0.2712706 ; 0.2709734 ; 0.3497
29440.9 ; 71 ; 0.34 ; 0.2712311 ; 0.2709298 ; 0.3498
29460.9 ; 72 ; 0.31 ; 0.2712022 ; 0.2709120 ; 0.3494
29480.1 ; 73 ; 0.32 ; 0.2711232 ; 0.2708358 ; 0.3487
29499.3 ; 74 ; 0.32 ; 0.2710390 ; 0.2707528 ; 0.3493
29518.6 ; 75 ; 0.37 ; 0.2709939 ; 0.2707123 ; 0.3492
29537.8 ; 76 ; 0.39 ; 0.2709624 ; 0.2706547 ; 0.3493
29557.0 ; 77 ; 0.31 ; 0.2709082 ; 0.2706070 ; 0.3491
29576.2 ; 78 ; 0.38 ; 0.2708761 ; 0.2705720 ; 0.3488
29595.3 ; 79 ; 0.22 ; 0.2708293 ; 0.2705233 ; 0.3486
29614.5 ; 80 ; 0.32 ; 0.2707633 ; 0.2704653 ; 0.3482
29633.7 ; 81 ; 0.32 ; 0.2707116 ; 0.2704023 ; 0.3474
29652.9 ; 82 ; 0.33 ; 0.2707160 ; 0.2704019 ; 0.3466
29672.2 ; 83 ; 0.31 ; 0.2706307 ; 0.2703035 ; 0.3463
29691.2 ; 84 ; 0.35 ; 0.2705985 ; 0.2702654 ; 0.3462
29710.4 ; 85 ; 0.31 ; 0.2704659 ; 0.2701296 ; 0.3487
29729.4 ; 86 ; 0.32 ; 0.2704580 ; 0.2701350 ; 0.3480
29749.8 ; 87 ; 0.41 ; 0.2704037 ; 0.2700823 ; 0.3470
29769.1 ; 88 ; 0.34 ; 0.2703749 ; 0.2700692 ; 0.3467
29788.3 ; 89 ; 0.28 ; 0.2703539 ; 0.2700312 ; 0.3476
29807.5 ; 90 ; 0.31 ; 0.2702903 ; 0.2699508 ; 0.3467
29826.7 ; 91 ; 0.35 ; 0.2702759 ; 0.2699374 ; 0.3467
29845.9 ; 92 ; 0.37 ; 0.2701994 ; 0.2698598 ; 0.3474
29865.2 ; 93 ; 0.22 ; 0.2701777 ; 0.2698440 ; 0.3469
29885.1 ; 94 ; 0.37 ; 0.2701046 ; 0.2697677 ; 0.3476
29904.4 ; 95 ; 0.27 ; 0.2700879 ; 0.2697499 ; 0.3470
29923.6 ; 96 ; 0.38 ; 0.2700225 ; 0.2696700 ; 0.3473
29942.8 ; 97 ; 0.37 ; 0.2700302 ; 0.2696866 ; 0.3465
29962.0 ; 98 ; 0.37 ; 0.2699144 ; 0.2695601 ; 0.3466
29981.1 ; 99 ; 0.39 ; 0.2698927 ; 0.2695219 ; 0.3466
30016.8 ; 1 ; 0.38 ; 0.2697974 ; 0.2694093 ; 0.3464
30036.0 ; 2 ; 0.28 ; 0.2697855 ; 0.2694025 ; 0.3471
30055.1 ; 3 ; 0.29 ; 0.2697275 ; 0.2693332 ; 0.3467
30074.2 ; 4 ; 0.30 ; 0.2696581 ; 0.2692668 ; 0.3469
30093.3 ; 5 ; 0.36 ; 0.2696314 ; 0.2692279 ; 0.3458
30112.2 ; 6 ; 0.31 ; 0.2695497 ; 0.2691350 ; 0.3470
30131.3 ; 7 ; 0.32 ; 0.2695315 ; 0.2691331 ; 0.3466
30150.3 ; 8 ; 0.29 ; 0.2695118 ; 0.2691138 ; 0.3468
30169.9 ; 9 ; 0.46 ; 0.2694363 ; 0.2690450 ; 0.3463
30190.2 ; 10 ; 0.28 ; 0.2693806 ; 0.2690023 ; 0.3468
30209.1 ; 11 ; 0.35 ; 0.2693527 ; 0.2689807 ; 0.3468
30228.1 ; 12 ; 0.34 ; 0.2692831 ; 0.2689124 ; 0.3472
30247.2 ; 13 ; 0.29 ; 0.2692550 ; 0.2688698 ; 0.3470
30266.3 ; 14 ; 0.38 ; 0.2692314 ; 0.2688456 ; 0.3465
30285.4 ; 15 ; 0.36 ; 0.2691855 ; 0.2688050 ; 0.3467
30305.4 ; 16 ; 0.37 ; 0.2691562 ; 0.2687745 ; 0.3478
30324.5 ; 17 ; 0.36 ; 0.2691161 ; 0.2687490 ; 0.3449
30343.7 ; 18 ; 0.44 ; 0.2690430 ; 0.2686675 ; 0.3455
30362.8 ; 19 ; 0.34 ; 0.2690293 ; 0.2686554 ; 0.3459
30381.8 ; 20 ; 0.36 ; 0.2689805 ; 0.2685912 ; 0.3457
30401.0 ; 21 ; 0.28 ; 0.2689236 ; 0.2685245 ; 0.3459
30420.0 ; 22 ; 0.31 ; 0.2689252 ; 0.2685178 ; 0.3467
30439.0 ; 23 ; 0.36 ; 0.2688829 ; 0.2684667 ; 0.3462
30458.2 ; 24 ; 0.27 ; 0.2688476 ; 0.2684399 ; 0.3463
30477.2 ; 25 ; 0.33 ; 0.2687951 ; 0.2683908 ; 0.3462
30496.3 ; 26 ; 0.29 ; 0.2687494 ; 0.2683536 ; 0.3458
30515.4 ; 27 ; 0.30 ; 0.2686399 ; 0.2682353 ; 0.3455
30534.5 ; 28 ; 0.28 ; 0.2686197 ; 0.2682178 ; 0.3455
30553.6 ; 29 ; 0.40 ; 0.2685865 ; 0.2681840 ; 0.3461
30572.6 ; 30 ; 0.29 ; 0.2685527 ; 0.2681523 ; 0.3461
30591.7 ; 31 ; 0.25 ; 0.2685141 ; 0.2681109 ; 0.3466
30612.3 ; 32 ; 0.23 ; 0.2684696 ; 0.2680637 ; 0.3465
30631.6 ; 33 ; 0.27 ; 0.2684329 ; 0.2680113 ; 0.3461
30650.6 ; 34 ; 0.34 ; 0.2683902 ; 0.2679778 ; 0.3474
30669.7 ; 35 ; 0.35 ; 0.2683480 ; 0.2679489 ; 0.3477
30688.9 ; 36 ; 0.36 ; 0.2682937 ; 0.2678826 ; 0.3474
30707.9 ; 37 ; 0.34 ; 0.2682611 ; 0.2678521 ; 0.3481
30727.8 ; 38 ; 0.31 ; 0.2682014 ; 0.2677876 ; 0.3480
30747.1 ; 39 ; 0.38 ; 0.2682107 ; 0.2677808 ; 0.3468
30766.3 ; 40 ; 0.34 ; 0.2681440 ; 0.2677109 ; 0.3480
30785.5 ; 41 ; 0.29 ; 0.2681012 ; 0.2676702 ; 0.3476
30804.7 ; 42 ; 0.29 ; 0.2680908 ; 0.2676670 ; 0.3478
30823.6 ; 43 ; 0.33 ; 0.2680182 ; 0.2675856 ; 0.3464
30842.5 ; 44 ; 0.28 ; 0.2680023 ; 0.2675545 ; 0.3474
30861.5 ; 45 ; 0.24 ; 0.2680073 ; 0.2675720 ; 0.3462
30880.5 ; 46 ; 0.28 ; 0.2679040 ; 0.2674750 ; 0.3470
30899.5 ; 47 ; 0.44 ; 0.2678276 ; 0.2674007 ; 0.3473
30918.6 ; 48 ; 0.36 ; 0.2678275 ; 0.2674004 ; 0.3477
30937.7 ; 49 ; 0.27 ; 0.2677749 ; 0.2673533 ; 0.3476
30956.8 ; 50 ; 0.28 ; 0.2677457 ; 0.2673179 ; 0.3476
30975.9 ; 51 ; 0.39 ; 0.2677321 ; 0.2673049 ; 0.3474
30995.2 ; 52 ; 0.32 ; 0.2676909 ; 0.2672413 ; 0.3481
31014.3 ; 53 ; 0.33 ; 0.2676511 ; 0.2672138 ; 0.3477
31034.3 ; 54 ; 0.28 ; 0.2676153 ; 0.2671831 ; 0.3485
31054.0 ; 55 ; 0.27 ; 0.2676057 ; 0.2671665 ; 0.3476
31073.2 ; 56 ; 0.28 ; 0.2675539 ; 0.2671217 ; 0.3475
31092.3 ; 57 ; 0.23 ; 0.2675410 ; 0.2671184 ; 0.3473
31111.5 ; 58 ; 0.23 ; 0.2675166 ; 0.2671042 ; 0.3476
31130.5 ; 59 ; 0.35 ; 0.2675090 ; 0.2670924 ; 0.3483
31150.4 ; 60 ; 0.27 ; 0.2674317 ; 0.2670012 ; 0.3476
31169.6 ; 61 ; 0.28 ; 0.2673951 ; 0.2669738 ; 0.3477
31188.8 ; 62 ; 0.32 ; 0.2673592 ; 0.2669390 ; 0.3474
31208.0 ; 63 ; 0.32 ; 0.2673236 ; 0.2669113 ; 0.3488
31227.3 ; 64 ; 0.34 ; 0.2672787 ; 0.2668514 ; 0.3487
31246.4 ; 65 ; 0.35 ; 0.2672333 ; 0.2668041 ; 0.3488
31265.6 ; 66 ; 0.25 ; 0.2672415 ; 0.2667973 ; 0.3494
31284.8 ; 67 ; 0.38 ; 0.2672024 ; 0.2667547 ; 0.3486
31304.1 ; 68 ; 0.27 ; 0.2671869 ; 0.2667555 ; 0.3498
31323.3 ; 69 ; 0.28 ; 0.2671514 ; 0.2667200 ; 0.3497
31342.3 ; 70 ; 0.27 ; 0.2670897 ; 0.2666354 ; 0.3477
31361.6 ; 71 ; 0.35 ; 0.2670717 ; 0.2666101 ; 0.3479
31380.8 ; 72 ; 0.32 ; 0.2670390 ; 0.2665850 ; 0.3476
31400.0 ; 73 ; 0.33 ; 0.2670181 ; 0.2665668 ; 0.3485
31419.1 ; 74 ; 0.41 ; 0.2669452 ; 0.2665058 ; 0.3480
31438.2 ; 75 ; 0.38 ; 0.2669382 ; 0.2665004 ; 0.3487
31457.6 ; 76 ; 0.41 ; 0.2668408 ; 0.2664076 ; 0.3494
31478.1 ; 77 ; 0.36 ; 0.2667926 ; 0.2663498 ; 0.3495
31497.2 ; 78 ; 0.37 ; 0.2668018 ; 0.2663423 ; 0.3470
31516.7 ; 79 ; 0.26 ; 0.2667281 ; 0.2662719 ; 0.3489
31536.0 ; 80 ; 0.42 ; 0.2666420 ; 0.2661710 ; 0.3479
31555.6 ; 81 ; 0.29 ; 0.2666369 ; 0.2661672 ; 0.3500
31575.6 ; 82 ; 0.37 ; 0.2665847 ; 0.2661069 ; 0.3483
31595.2 ; 83 ; 0.31 ; 0.2665915 ; 0.2661200 ; 0.3483
31614.6 ; 84 ; 0.33 ; 0.2665361 ; 0.2660754 ; 0.3485
31634.1 ; 85 ; 0.22 ; 0.2665142 ; 0.2660642 ; 0.3484
31653.5 ; 86 ; 0.39 ; 0.2664896 ; 0.2660452 ; 0.3486
31672.8 ; 87 ; 0.32 ; 0.2664470 ; 0.2659794 ; 0.3486
31692.1 ; 88 ; 0.38 ; 0.2664136 ; 0.2659527 ; 0.3491
31711.4 ; 89 ; 0.37 ; 0.2663787 ; 0.2659257 ; 0.3477
31730.7 ; 90 ; 0.33 ; 0.2663550 ; 0.2659202 ; 0.3478
31750.0 ; 91 ; 0.32 ; 0.2663054 ; 0.2658636 ; 0.3483
31769.2 ; 92 ; 0.35 ; 0.2662621 ; 0.2658343 ; 0.3490
31788.5 ; 93 ; 0.29 ; 0.2662182 ; 0.2657911 ; 0.3473
31807.9 ; 94 ; 0.34 ; 0.2661934 ; 0.2657598 ; 0.3476
31827.2 ; 95 ; 0.28 ; 0.2661646 ; 0.2657489 ; 0.3475
31846.6 ; 96 ; 0.29 ; 0.2661228 ; 0.2656946 ; 0.3481
31865.9 ; 97 ; 0.31 ; 0.2660694 ; 0.2656298 ; 0.3475
31885.1 ; 98 ; 0.27 ; 0.2660715 ; 0.2656374 ; 0.3481
31905.7 ; 99 ; 0.33 ; 0.2660395 ; 0.2655995 ; 0.3474
31942.1 ; 1 ; 0.28 ; 0.2659866 ; 0.2655674 ; 0.3472
31961.5 ; 2 ; 0.31 ; 0.2659206 ; 0.2655043 ; 0.3476
31980.8 ; 3 ; 0.41 ; 0.2659129 ; 0.2654805 ; 0.3469
32000.9 ; 4 ; 0.39 ; 0.2658489 ; 0.2654210 ; 0.3477
32020.3 ; 5 ; 0.27 ; 0.2658068 ; 0.2653854 ; 0.3477
32039.7 ; 6 ; 0.30 ; 0.2657467 ; 0.2653277 ; 0.3470
32059.0 ; 7 ; 0.26 ; 0.2657518 ; 0.2653385 ; 0.3469
32078.4 ; 8 ; 0.22 ; 0.2657236 ; 0.2653111 ; 0.3473
32097.9 ; 9 ; 0.19 ; 0.2657321 ; 0.2653065 ; 0.3471
32117.1 ; 10 ; 0.28 ; 0.2656531 ; 0.2652493 ; 0.3480
32136.4 ; 11 ; 0.34 ; 0.2656698 ; 0.2652663 ; 0.3465
32155.5 ; 12 ; 0.22 ; 0.2656466 ; 0.2652494 ; 0.3477
32174.9 ; 13 ; 0.32 ; 0.2656137 ; 0.2652101 ; 0.3477
32193.9 ; 14 ; 0.32 ; 0.2656222 ; 0.2652333 ; 0.3479
32213.1 ; 15 ; 0.21 ; 0.2656063 ; 0.2652231 ; 0.3478
32232.5 ; 16 ; 0.31 ; 0.2655899 ; 0.2651851 ; 0.3472
32251.8 ; 17 ; 0.33 ; 0.2655544 ; 0.2651569 ; 0.3478
32271.0 ; 18 ; 0.32 ; 0.2655100 ; 0.2651160 ; 0.3477
32290.3 ; 19 ; 0.33 ; 0.2654573 ; 0.2650509 ; 0.3475
32309.4 ; 20 ; 0.27 ; 0.2654383 ; 0.2650251 ; 0.3472
32330.0 ; 21 ; 0.24 ; 0.2654160 ; 0.2650246 ; 0.3472
32349.4 ; 22 ; 0.34 ; 0.2653942 ; 0.2649985 ; 0.3474
32368.9 ; 23 ; 0.27 ; 0.2653818 ; 0.2649871 ; 0.3473
32388.1 ; 24 ; 0.32 ; 0.2653129 ; 0.2649184 ; 0.3486
32407.2 ; 25 ; 0.27 ; 0.2652944 ; 0.2649095 ; 0.3481
32427.1 ; 26 ; 0.16 ; 0.2652784 ; 0.2648964 ; 0.3487
32446.4 ; 27 ; 0.28 ; 0.2652537 ; 0.2648877 ; 0.3492
32465.7 ; 28 ; 0.31 ; 0.2652385 ; 0.2648632 ; 0.3486
32485.0 ; 29 ; 0.35 ; 0.2651923 ; 0.2648025 ; 0.3477
32504.3 ; 30 ; 0.35 ; 0.2651783 ; 0.2647933 ; 0.3478
32523.4 ; 31 ; 0.28 ; 0.2651530 ; 0.2647664 ; 0.3490
32542.6 ; 32 ; 0.32 ; 0.2651368 ; 0.2647533 ; 0.3474
32562.0 ; 33 ; 0.36 ; 0.2650748 ; 0.2646852 ; 0.3490
32581.3 ; 34 ; 0.28 ; 0.2650601 ; 0.2646638 ; 0.3477
32600.7 ; 35 ; 0.30 ; 0.2649944 ; 0.2645903 ; 0.3475
32620.0 ; 36 ; 0.20 ; 0.2649855 ; 0.2645781 ; 0.3478
32639.3 ; 37 ; 0.42 ; 0.2649919 ; 0.2645820 ; 0.3487
32658.6 ; 38 ; 0.28 ; 0.2649595 ; 0.2645542 ; 0.3495
32678.0 ; 39 ; 0.27 ; 0.2649292 ; 0.2645076 ; 0.3485
32697.3 ; 40 ; 0.16 ; 0.2648898 ; 0.2644574 ; 0.3489
32716.6 ; 41 ; 0.34 ; 0.2648950 ; 0.2644634 ; 0.3485
32735.9 ; 42 ; 0.34 ; 0.2648292 ; 0.2644025 ; 0.3492
32755.9 ; 43 ; 0.23 ; 0.2648409 ; 0.2644314 ; 0.3485
32775.9 ; 44 ; 0.31 ; 0.2647938 ; 0.2643830 ; 0.3492
32795.3 ; 45 ; 0.31 ; 0.2647829 ; 0.2643679 ; 0.3485
32814.5 ; 46 ; 0.28 ; 0.2647672 ; 0.2643576 ; 0.3475
32833.8 ; 47 ; 0.37 ; 0.2647344 ; 0.2643373 ; 0.3478
32853.8 ; 48 ; 0.27 ; 0.2647015 ; 0.2643168 ; 0.3475
32873.3 ; 49 ; 0.21 ; 0.2646878 ; 0.2643011 ; 0.3482
32892.7 ; 50 ; 0.26 ; 0.2646677 ; 0.2642699 ; 0.3476
32912.0 ; 51 ; 0.32 ; 0.2646405 ; 0.2642353 ; 0.3482
32931.4 ; 52 ; 0.32 ; 0.2646169 ; 0.2642228 ; 0.3475
32950.6 ; 53 ; 0.21 ; 0.2645781 ; 0.2641795 ; 0.3471
32970.1 ; 54 ; 0.36 ; 0.2645656 ; 0.2641815 ; 0.3478
32989.4 ; 55 ; 0.31 ; 0.2645743 ; 0.2642036 ; 0.3478
33008.7 ; 56 ; 0.31 ; 0.2645611 ; 0.2641921 ; 0.3495
33028.1 ; 57 ; 0.24 ; 0.2645082 ; 0.2641481 ; 0.3494
33047.5 ; 58 ; 0.31 ; 0.2644722 ; 0.2641227 ; 0.3492
33066.8 ; 59 ; 0.31 ; 0.2644327 ; 0.2640736 ; 0.3490
33086.1 ; 60 ; 0.28 ; 0.2643753 ; 0.2640092 ; 0.3477
33105.5 ; 61 ; 0.26 ; 0.2643914 ; 0.2640208 ; 0.3479
33125.1 ; 62 ; 0.27 ; 0.2643664 ; 0.2639971 ; 0.3484
33144.2 ; 63 ; 0.26 ; 0.2643445 ; 0.2639902 ; 0.3478
33163.7 ; 64 ; 0.32 ; 0.2643284 ; 0.2639834 ; 0.3474
33183.4 ; 65 ; 0.34 ; 0.2643179 ; 0.2639617 ; 0.3492
33203.5 ; 66 ; 0.30 ; 0.2642936 ; 0.2639417 ; 0.3504
33222.8 ; 67 ; 0.25 ; 0.2642681 ; 0.2639310 ; 0.3485
33242.3 ; 68 ; 0.29 ; 0.2642196 ; 0.2638812 ; 0.3488
33261.5 ; 69 ; 0.30 ; 0.2641912 ; 0.2638508 ; 0.3492
33281.7 ; 70 ; 0.30 ; 0.2641534 ; 0.2638140 ; 0.3492
33300.9 ; 71 ; 0.38 ; 0.2641369 ; 0.2637794 ; 0.3479
33320.2 ; 72 ; 0.30 ; 0.2640945 ; 0.2637541 ; 0.3481
33339.1 ; 73 ; 0.30 ; 0.2641076 ; 0.2637525 ; 0.3479
33358.4 ; 74 ; 0.36 ; 0.2640303 ; 0.2636817 ; 0.3492
33377.7 ; 75 ; 0.23 ; 0.2640334 ; 0.2636877 ; 0.3495
33396.9 ; 76 ; 0.31 ; 0.2640444 ; 0.2637168 ; 0.3493
33416.0 ; 77 ; 0.20 ; 0.2640143 ; 0.2636772 ; 0.3491
33435.4 ; 78 ; 0.29 ; 0.2639402 ; 0.2635974 ; 0.3504
33454.8 ; 79 ; 0.40 ; 0.2639460 ; 0.2635987 ; 0.3491
33474.4 ; 80 ; 0.32 ; 0.2639435 ; 0.2636053 ; 0.3490
33493.8 ; 81 ; 0.21 ; 0.2639000 ; 0.2635620 ; 0.3496
33513.2 ; 82 ; 0.33 ; 0.2638543 ; 0.2635237 ; 0.3496
33532.3 ; 83 ; 0.28 ; 0.2638598 ; 0.2635214 ; 0.3489
33551.8 ; 84 ; 0.27 ; 0.2638187 ; 0.2634745 ; 0.3501
33571.3 ; 85 ; 0.31 ; 0.2638026 ; 0.2634419 ; 0.3485
33590.6 ; 86 ; 0.24 ; 0.2637757 ; 0.2634242 ; 0.3484
33610.1 ; 87 ; 0.29 ; 0.2637772 ; 0.2634278 ; 0.3490
33630.4 ; 88 ; 0.37 ; 0.2637395 ; 0.2633870 ; 0.3489
33649.8 ; 89 ; 0.30 ; 0.2636943 ; 0.2633487 ; 0.3488
33669.2 ; 90 ; 0.42 ; 0.2636385 ; 0.2632851 ; 0.3489
33688.8 ; 91 ; 0.34 ; 0.2636579 ; 0.2633148 ; 0.3493
33708.5 ; 92 ; 0.24 ; 0.2636593 ; 0.2633153 ; 0.3492
33727.9 ; 93 ; 0.20 ; 0.2636416 ; 0.2633072 ; 0.3477
33747.2 ; 94 ; 0.36 ; 0.2636032 ; 0.2632449 ; 0.3479
33766.5 ; 95 ; 0.24 ; 0.2635756 ; 0.2632253 ; 0.3480
33785.8 ; 96 ; 0.35 ; 0.2635612 ; 0.2632084 ; 0.3484
33805.1 ; 97 ; 0.24 ; 0.2635293 ; 0.2631751 ; 0.3477
33824.4 ; 98 ; 0.23 ; 0.2635180 ; 0.2631674 ; 0.3482
33843.9 ; 99 ; 0.36 ; 0.2634878 ; 0.2631387 ; 0.3483
