23752
[216, 576, 3920, 1152, 2304, 1440, 4608, 9216, 320]
[[8, 27], [8, 72], [10, 392], [16, 72], [16, 144], [10, 144], [32, 144], [32, 288], [10, 32]]
0.1071
0.32556119561195374
sigma=1.0
26.6 ; 1 ; 0.01 ; 0.3235686 ; 0.3237100 ; 0.1150
sigma=0.1
41.3 ; 2 ; 0.00 ; 0.3235686 ; 0.3237100 ; 0.1150
55.8 ; 3 ; 0.23 ; 0.3218318 ; 0.3220015 ; 0.1217
70.2 ; 4 ; 0.24 ; 0.3201560 ; 0.3203900 ; 0.1350
84.7 ; 5 ; 0.27 ; 0.3174314 ; 0.3177619 ; 0.1518
99.0 ; 6 ; 0.20 ; 0.3143650 ; 0.3150131 ; 0.1654
113.7 ; 7 ; 0.16 ; 0.3121410 ; 0.3126996 ; 0.1717
128.2 ; 8 ; 0.07 ; 0.3106094 ; 0.3110981 ; 0.1776
142.6 ; 9 ; 0.02 ; 0.3105236 ; 0.3110484 ; 0.1747
157.2 ; 10 ; 0.18 ; 0.3086207 ; 0.3093277 ; 0.1790
171.5 ; 11 ; 0.08 ; 0.3067151 ; 0.3071905 ; 0.1920
185.8 ; 12 ; 0.02 ; 0.3065168 ; 0.3070979 ; 0.1835
200.5 ; 13 ; 0.03 ; 0.3063411 ; 0.3067247 ; 0.1952
215.0 ; 14 ; 0.02 ; 0.3059915 ; 0.3063404 ; 0.2017
229.4 ; 15 ; 0.08 ; 0.3057298 ; 0.3060942 ; 0.2016
244.0 ; 16 ; 0.05 ; 0.3047606 ; 0.3050690 ; 0.2037
258.5 ; 17 ; 0.03 ; 0.3047295 ; 0.3051646 ; 0.1961
273.1 ; 18 ; 0.01 ; 0.3047623 ; 0.3051156 ; 0.1998
287.5 ; 19 ; 0.10 ; 0.3031739 ; 0.3034722 ; 0.2081
301.9 ; 20 ; 0.04 ; 0.3025669 ; 0.3030002 ; 0.2099
316.4 ; 21 ; 0.09 ; 0.3009018 ; 0.3011537 ; 0.2211
330.9 ; 22 ; 0.04 ; 0.3004126 ; 0.3007131 ; 0.2278
345.4 ; 23 ; 0.06 ; 0.2993888 ; 0.2997786 ; 0.2273
360.0 ; 24 ; 0.04 ; 0.2996563 ; 0.3002338 ; 0.2236
374.3 ; 25 ; 0.02 ; 0.2989146 ; 0.2992661 ; 0.2351
388.7 ; 26 ; 0.04 ; 0.2985557 ; 0.2988926 ; 0.2300
403.3 ; 27 ; 0.03 ; 0.2981442 ; 0.2984550 ; 0.2339
417.9 ; 28 ; 0.04 ; 0.2979600 ; 0.2983078 ; 0.2337
432.2 ; 29 ; 0.04 ; 0.2977953 ; 0.2980069 ; 0.2349
446.8 ; 30 ; 0.02 ; 0.2974119 ; 0.2976742 ; 0.2366
sigma=0.010000000000000002
461.1 ; 31 ; 0.00 ; 0.2974119 ; 0.2976742 ; 0.2366
475.6 ; 32 ; 0.31 ; 0.2972318 ; 0.2974774 ; 0.2375
489.9 ; 33 ; 0.31 ; 0.2968989 ; 0.2971851 ; 0.2418
504.4 ; 34 ; 0.24 ; 0.2966063 ; 0.2968744 ; 0.2425
518.8 ; 35 ; 0.33 ; 0.2962462 ; 0.2964952 ; 0.2457
533.5 ; 36 ; 0.32 ; 0.2957709 ; 0.2960352 ; 0.2455
547.9 ; 37 ; 0.31 ; 0.2954124 ; 0.2955858 ; 0.2468
562.4 ; 38 ; 0.33 ; 0.2950305 ; 0.2951979 ; 0.2487
576.9 ; 39 ; 0.34 ; 0.2947045 ; 0.2948204 ; 0.2491
591.3 ; 40 ; 0.33 ; 0.2943011 ; 0.2943569 ; 0.2483
605.7 ; 41 ; 0.35 ; 0.2939706 ; 0.2940094 ; 0.2504
620.2 ; 42 ; 0.30 ; 0.2935139 ; 0.2934960 ; 0.2528
634.6 ; 43 ; 0.36 ; 0.2931706 ; 0.2931613 ; 0.2539
649.1 ; 44 ; 0.29 ; 0.2927668 ; 0.2927342 ; 0.2540
663.7 ; 45 ; 0.33 ; 0.2924926 ; 0.2924193 ; 0.2563
678.2 ; 46 ; 0.33 ; 0.2921618 ; 0.2920625 ; 0.2563
692.7 ; 47 ; 0.30 ; 0.2917968 ; 0.2916446 ; 0.2585
707.2 ; 48 ; 0.21 ; 0.2915249 ; 0.2913426 ; 0.2606
721.7 ; 49 ; 0.26 ; 0.2912200 ; 0.2909700 ; 0.2615
736.1 ; 50 ; 0.35 ; 0.2907571 ; 0.2905098 ; 0.2637
750.7 ; 51 ; 0.28 ; 0.2904162 ; 0.2901306 ; 0.2665
765.0 ; 52 ; 0.32 ; 0.2900894 ; 0.2897654 ; 0.2655
779.5 ; 53 ; 0.18 ; 0.2898999 ; 0.2894952 ; 0.2686
794.1 ; 54 ; 0.35 ; 0.2895276 ; 0.2891135 ; 0.2686
808.8 ; 55 ; 0.30 ; 0.2892334 ; 0.2888099 ; 0.2709
823.2 ; 56 ; 0.25 ; 0.2889680 ; 0.2884912 ; 0.2720
837.6 ; 57 ; 0.24 ; 0.2885960 ; 0.2880605 ; 0.2737
852.0 ; 58 ; 0.31 ; 0.2882713 ; 0.2877273 ; 0.2764
866.6 ; 59 ; 0.22 ; 0.2881588 ; 0.2876268 ; 0.2770
880.8 ; 60 ; 0.26 ; 0.2877953 ; 0.2872503 ; 0.2786
895.3 ; 61 ; 0.22 ; 0.2875935 ; 0.2870472 ; 0.2772
909.9 ; 62 ; 0.26 ; 0.2871050 ; 0.2864711 ; 0.2805
924.5 ; 63 ; 0.34 ; 0.2866672 ; 0.2859429 ; 0.2850
938.8 ; 64 ; 0.36 ; 0.2862100 ; 0.2855082 ; 0.2870
953.2 ; 65 ; 0.27 ; 0.2860215 ; 0.2853038 ; 0.2868
967.6 ; 66 ; 0.24 ; 0.2854783 ; 0.2846836 ; 0.2892
982.2 ; 67 ; 0.31 ; 0.2850916 ; 0.2842592 ; 0.2914
996.6 ; 68 ; 0.27 ; 0.2847643 ; 0.2839329 ; 0.2942
1011.1 ; 69 ; 0.29 ; 0.2843920 ; 0.2835412 ; 0.2951
1025.6 ; 70 ; 0.28 ; 0.2841950 ; 0.2833771 ; 0.2948
1040.2 ; 71 ; 0.21 ; 0.2840239 ; 0.2831666 ; 0.2948
1054.6 ; 72 ; 0.24 ; 0.2836358 ; 0.2827705 ; 0.2961
1069.1 ; 73 ; 0.25 ; 0.2833439 ; 0.2824480 ; 0.3002
1083.4 ; 74 ; 0.29 ; 0.2831375 ; 0.2822456 ; 0.3007
1097.6 ; 75 ; 0.18 ; 0.2829016 ; 0.2819273 ; 0.3003
1112.1 ; 76 ; 0.25 ; 0.2827715 ; 0.2818168 ; 0.3022
1126.4 ; 77 ; 0.23 ; 0.2823953 ; 0.2813943 ; 0.3050
1140.7 ; 78 ; 0.27 ; 0.2821091 ; 0.2811546 ; 0.3056
1155.0 ; 79 ; 0.18 ; 0.2819450 ; 0.2809866 ; 0.3043
1169.4 ; 80 ; 0.17 ; 0.2815013 ; 0.2805295 ; 0.3063
1184.0 ; 81 ; 0.30 ; 0.2813348 ; 0.2804255 ; 0.3074
1198.5 ; 82 ; 0.24 ; 0.2809933 ; 0.2800562 ; 0.3076
1213.0 ; 83 ; 0.29 ; 0.2807606 ; 0.2798813 ; 0.3080
1227.5 ; 84 ; 0.23 ; 0.2803498 ; 0.2793660 ; 0.3087
1241.9 ; 85 ; 0.26 ; 0.2802196 ; 0.2792677 ; 0.3077
1256.5 ; 86 ; 0.14 ; 0.2799133 ; 0.2788803 ; 0.3103
1270.9 ; 87 ; 0.27 ; 0.2796913 ; 0.2786237 ; 0.3122
1285.2 ; 88 ; 0.21 ; 0.2794096 ; 0.2783368 ; 0.3103
1299.5 ; 89 ; 0.13 ; 0.2793362 ; 0.2782671 ; 0.3115
1314.0 ; 90 ; 0.23 ; 0.2790441 ; 0.2779214 ; 0.3124
1328.4 ; 91 ; 0.11 ; 0.2789335 ; 0.2778235 ; 0.3119
1342.8 ; 92 ; 0.27 ; 0.2786188 ; 0.2774841 ; 0.3145
1357.3 ; 93 ; 0.24 ; 0.2786043 ; 0.2774996 ; 0.3154
1371.7 ; 94 ; 0.20 ; 0.2783049 ; 0.2772001 ; 0.3144
1386.2 ; 95 ; 0.19 ; 0.2780277 ; 0.2768428 ; 0.3188
1400.7 ; 96 ; 0.27 ; 0.2777338 ; 0.2765625 ; 0.3202
1415.1 ; 97 ; 0.25 ; 0.2774410 ; 0.2763026 ; 0.3202
1429.7 ; 98 ; 0.24 ; 0.2771501 ; 0.2759461 ; 0.3214
1444.0 ; 99 ; 0.19 ; 0.2770296 ; 0.2758193 ; 0.3222
1458.7 ; 100 ; 0.17 ; 0.2769220 ; 0.2757425 ; 0.3203
1473.0 ; 101 ; 0.33 ; 0.2764808 ; 0.2753489 ; 0.3228
1487.4 ; 102 ; 0.19 ; 0.2762657 ; 0.2750775 ; 0.3241
1501.9 ; 103 ; 0.12 ; 0.2761141 ; 0.2748797 ; 0.3241
1516.3 ; 104 ; 0.20 ; 0.2758913 ; 0.2747036 ; 0.3248
1530.7 ; 105 ; 0.24 ; 0.2757174 ; 0.2745072 ; 0.3239
1545.2 ; 106 ; 0.23 ; 0.2755759 ; 0.2743358 ; 0.3239
1559.8 ; 107 ; 0.20 ; 0.2754581 ; 0.2742345 ; 0.3261
1574.0 ; 108 ; 0.20 ; 0.2750659 ; 0.2737907 ; 0.3276
1588.4 ; 109 ; 0.18 ; 0.2747952 ; 0.2735177 ; 0.3266
1602.9 ; 110 ; 0.21 ; 0.2747556 ; 0.2734748 ; 0.3268
1617.4 ; 111 ; 0.19 ; 0.2743460 ; 0.2730718 ; 0.3287
1631.8 ; 112 ; 0.12 ; 0.2742464 ; 0.2729774 ; 0.3290
1646.2 ; 113 ; 0.21 ; 0.2741359 ; 0.2728037 ; 0.3296
1660.8 ; 114 ; 0.21 ; 0.2738345 ; 0.2725008 ; 0.3330
1675.3 ; 115 ; 0.24 ; 0.2736229 ; 0.2723433 ; 0.3302
1689.7 ; 116 ; 0.20 ; 0.2733623 ; 0.2720571 ; 0.3316
1704.4 ; 117 ; 0.21 ; 0.2732386 ; 0.2719039 ; 0.3337
1718.8 ; 118 ; 0.16 ; 0.2731043 ; 0.2717765 ; 0.3352
1733.5 ; 119 ; 0.17 ; 0.2728605 ; 0.2714718 ; 0.3343
1748.0 ; 120 ; 0.27 ; 0.2724752 ; 0.2710064 ; 0.3372
1762.3 ; 121 ; 0.17 ; 0.2723635 ; 0.2709417 ; 0.3370
1776.7 ; 122 ; 0.20 ; 0.2720748 ; 0.2706684 ; 0.3386
1791.2 ; 123 ; 0.22 ; 0.2719665 ; 0.2705663 ; 0.3377
1805.6 ; 124 ; 0.16 ; 0.2717495 ; 0.2703394 ; 0.3374
1820.0 ; 125 ; 0.12 ; 0.2716842 ; 0.2702990 ; 0.3397
1834.5 ; 126 ; 0.20 ; 0.2714090 ; 0.2699806 ; 0.3402
1849.0 ; 127 ; 0.17 ; 0.2712989 ; 0.2699143 ; 0.3398
1863.6 ; 128 ; 0.13 ; 0.2711601 ; 0.2697577 ; 0.3393
1878.0 ; 129 ; 0.15 ; 0.2710548 ; 0.2696103 ; 0.3395
1892.5 ; 130 ; 0.16 ; 0.2708635 ; 0.2694020 ; 0.3410
1907.0 ; 131 ; 0.10 ; 0.2708170 ; 0.2693588 ; 0.3411
1921.5 ; 132 ; 0.13 ; 0.2707122 ; 0.2692566 ; 0.3413
1935.8 ; 133 ; 0.15 ; 0.2704542 ; 0.2690129 ; 0.3439
1950.2 ; 134 ; 0.13 ; 0.2703361 ; 0.2688924 ; 0.3439
1964.8 ; 135 ; 0.14 ; 0.2702602 ; 0.2688423 ; 0.3449
1979.3 ; 136 ; 0.17 ; 0.2700920 ; 0.2686211 ; 0.3455
1993.8 ; 137 ; 0.14 ; 0.2698390 ; 0.2683671 ; 0.3467
2008.1 ; 138 ; 0.11 ; 0.2697854 ; 0.2682997 ; 0.3469
2022.6 ; 139 ; 0.18 ; 0.2696368 ; 0.2681644 ; 0.3460
2037.0 ; 140 ; 0.17 ; 0.2694798 ; 0.2679978 ; 0.3471
2051.6 ; 141 ; 0.09 ; 0.2694194 ; 0.2678961 ; 0.3478
2065.9 ; 142 ; 0.19 ; 0.2692460 ; 0.2677364 ; 0.3473
2080.6 ; 143 ; 0.11 ; 0.2692070 ; 0.2676603 ; 0.3494
2095.1 ; 144 ; 0.20 ; 0.2689221 ; 0.2673761 ; 0.3485
2109.8 ; 145 ; 0.13 ; 0.2687731 ; 0.2672270 ; 0.3492
2124.2 ; 146 ; 0.14 ; 0.2687174 ; 0.2671831 ; 0.3476
2138.8 ; 147 ; 0.18 ; 0.2686654 ; 0.2670628 ; 0.3492
2153.5 ; 148 ; 0.14 ; 0.2685111 ; 0.2669041 ; 0.3488
2168.0 ; 149 ; 0.09 ; 0.2684853 ; 0.2668573 ; 0.3486
2182.7 ; 150 ; 0.15 ; 0.2683546 ; 0.2667537 ; 0.3489
2197.2 ; 151 ; 0.12 ; 0.2682067 ; 0.2666003 ; 0.3488
2211.5 ; 152 ; 0.15 ; 0.2681379 ; 0.2665123 ; 0.3507
2225.9 ; 153 ; 0.12 ; 0.2681697 ; 0.2665151 ; 0.3510
2240.6 ; 154 ; 0.10 ; 0.2680003 ; 0.2663425 ; 0.3509
2255.3 ; 155 ; 0.13 ; 0.2678452 ; 0.2661813 ; 0.3516
2269.7 ; 156 ; 0.11 ; 0.2676749 ; 0.2660048 ; 0.3519
2284.2 ; 157 ; 0.10 ; 0.2675125 ; 0.2658576 ; 0.3512
2298.7 ; 158 ; 0.13 ; 0.2674681 ; 0.2657729 ; 0.3528
2313.3 ; 159 ; 0.09 ; 0.2674696 ; 0.2657905 ; 0.3529
2327.9 ; 160 ; 0.17 ; 0.2673626 ; 0.2656401 ; 0.3552
2342.3 ; 161 ; 0.14 ; 0.2672730 ; 0.2655689 ; 0.3541
2356.9 ; 162 ; 0.19 ; 0.2671284 ; 0.2653722 ; 0.3541
2371.4 ; 163 ; 0.11 ; 0.2670155 ; 0.2652745 ; 0.3558
2385.8 ; 164 ; 0.14 ; 0.2669383 ; 0.2651901 ; 0.3573
2400.2 ; 165 ; 0.20 ; 0.2668244 ; 0.2650567 ; 0.3570
2414.5 ; 166 ; 0.21 ; 0.2666542 ; 0.2649015 ; 0.3577
2429.0 ; 167 ; 0.07 ; 0.2665674 ; 0.2648786 ; 0.3578
2443.5 ; 168 ; 0.14 ; 0.2664702 ; 0.2648521 ; 0.3559
2457.8 ; 169 ; 0.17 ; 0.2663364 ; 0.2646904 ; 0.3580
2472.3 ; 170 ; 0.16 ; 0.2662880 ; 0.2645847 ; 0.3590
2486.9 ; 171 ; 0.17 ; 0.2660813 ; 0.2644516 ; 0.3592
2501.2 ; 172 ; 0.09 ; 0.2660037 ; 0.2644006 ; 0.3595
2515.8 ; 173 ; 0.20 ; 0.2657955 ; 0.2641589 ; 0.3599
2530.3 ; 174 ; 0.12 ; 0.2657697 ; 0.2641883 ; 0.3599
2545.0 ; 175 ; 0.11 ; 0.2656826 ; 0.2641581 ; 0.3599
2559.5 ; 176 ; 0.15 ; 0.2654940 ; 0.2639390 ; 0.3611
2574.1 ; 177 ; 0.19 ; 0.2653218 ; 0.2638300 ; 0.3608
2588.6 ; 178 ; 0.12 ; 0.2651822 ; 0.2637050 ; 0.3615
2602.9 ; 179 ; 0.14 ; 0.2651088 ; 0.2636044 ; 0.3612
2617.3 ; 180 ; 0.16 ; 0.2649250 ; 0.2634424 ; 0.3623
2632.0 ; 181 ; 0.13 ; 0.2648170 ; 0.2633686 ; 0.3627
2646.4 ; 182 ; 0.16 ; 0.2647195 ; 0.2632807 ; 0.3625
2660.6 ; 183 ; 0.12 ; 0.2646241 ; 0.2631543 ; 0.3645
2674.9 ; 184 ; 0.17 ; 0.2645092 ; 0.2630258 ; 0.3636
2689.0 ; 185 ; 0.09 ; 0.2644259 ; 0.2629541 ; 0.3628
2703.2 ; 186 ; 0.09 ; 0.2643871 ; 0.2629217 ; 0.3631
2717.7 ; 187 ; 0.18 ; 0.2643511 ; 0.2628811 ; 0.3634
2732.2 ; 188 ; 0.16 ; 0.2641861 ; 0.2627134 ; 0.3636
2746.4 ; 189 ; 0.13 ; 0.2640732 ; 0.2625767 ; 0.3642
2760.9 ; 190 ; 0.16 ; 0.2639213 ; 0.2624064 ; 0.3643
2775.3 ; 191 ; 0.11 ; 0.2638253 ; 0.2623263 ; 0.3641
2789.9 ; 192 ; 0.09 ; 0.2638014 ; 0.2622816 ; 0.3638
2804.1 ; 193 ; 0.13 ; 0.2636018 ; 0.2620305 ; 0.3655
2818.5 ; 194 ; 0.07 ; 0.2635876 ; 0.2619840 ; 0.3672
2832.9 ; 195 ; 0.09 ; 0.2634921 ; 0.2619172 ; 0.3664
2847.3 ; 196 ; 0.07 ; 0.2633849 ; 0.2618544 ; 0.3654
2861.6 ; 197 ; 0.16 ; 0.2633632 ; 0.2618513 ; 0.3669
2875.9 ; 198 ; 0.12 ; 0.2632376 ; 0.2617224 ; 0.3667
2890.2 ; 199 ; 0.18 ; 0.2631366 ; 0.2616217 ; 0.3690
2917.4 ; 201 ; 0.12 ; 0.2629878 ; 0.2614938 ; 0.3680
2931.8 ; 202 ; 0.06 ; 0.2629984 ; 0.2615536 ; 0.3693
2946.4 ; 203 ; 0.14 ; 0.2628014 ; 0.2613632 ; 0.3678
2961.0 ; 204 ; 0.17 ; 0.2627848 ; 0.2613846 ; 0.3680
2975.6 ; 205 ; 0.06 ; 0.2627064 ; 0.2612717 ; 0.3694
2989.9 ; 206 ; 0.11 ; 0.2625363 ; 0.2610712 ; 0.3691
3004.2 ; 207 ; 0.11 ; 0.2625550 ; 0.2611124 ; 0.3679
3018.7 ; 208 ; 0.14 ; 0.2622966 ; 0.2608539 ; 0.3689
3033.2 ; 209 ; 0.09 ; 0.2622741 ; 0.2607922 ; 0.3689
3047.4 ; 210 ; 0.18 ; 0.2621194 ; 0.2606194 ; 0.3705
3061.8 ; 211 ; 0.12 ; 0.2620303 ; 0.2604830 ; 0.3722
3076.3 ; 212 ; 0.14 ; 0.2620144 ; 0.2605103 ; 0.3722
3090.9 ; 213 ; 0.16 ; 0.2618576 ; 0.2603230 ; 0.3720
3105.3 ; 214 ; 0.10 ; 0.2618049 ; 0.2602643 ; 0.3713
3119.5 ; 215 ; 0.15 ; 0.2616588 ; 0.2601421 ; 0.3707
3133.9 ; 216 ; 0.07 ; 0.2615891 ; 0.2600672 ; 0.3712
3148.5 ; 217 ; 0.12 ; 0.2615517 ; 0.2600874 ; 0.3726
3162.9 ; 218 ; 0.08 ; 0.2615828 ; 0.2601055 ; 0.3727
3177.5 ; 219 ; 0.12 ; 0.2614477 ; 0.2600040 ; 0.3705
3191.9 ; 220 ; 0.18 ; 0.2612921 ; 0.2598025 ; 0.3726
3206.5 ; 221 ; 0.08 ; 0.2613199 ; 0.2598632 ; 0.3709
3220.9 ; 222 ; 0.09 ; 0.2612648 ; 0.2597889 ; 0.3724
3235.3 ; 223 ; 0.13 ; 0.2611268 ; 0.2596601 ; 0.3711
3249.5 ; 224 ; 0.12 ; 0.2610260 ; 0.2595540 ; 0.3739
3263.9 ; 225 ; 0.14 ; 0.2609989 ; 0.2595137 ; 0.3739
3278.1 ; 226 ; 0.09 ; 0.2608520 ; 0.2593766 ; 0.3732
3292.4 ; 227 ; 0.06 ; 0.2608637 ; 0.2593680 ; 0.3723
3306.8 ; 228 ; 0.15 ; 0.2608194 ; 0.2592964 ; 0.3732
3321.2 ; 229 ; 0.11 ; 0.2607429 ; 0.2592036 ; 0.3749
3335.5 ; 230 ; 0.12 ; 0.2605672 ; 0.2589987 ; 0.3759
3350.1 ; 231 ; 0.11 ; 0.2605174 ; 0.2589690 ; 0.3769
3364.4 ; 232 ; 0.18 ; 0.2603958 ; 0.2587723 ; 0.3769
3378.7 ; 233 ; 0.13 ; 0.2603521 ; 0.2587035 ; 0.3780
3393.0 ; 234 ; 0.20 ; 0.2600799 ; 0.2584183 ; 0.3785
3407.5 ; 235 ; 0.09 ; 0.2601160 ; 0.2585191 ; 0.3776
3421.9 ; 236 ; 0.12 ; 0.2600178 ; 0.2583978 ; 0.3785
3436.3 ; 237 ; 0.13 ; 0.2599139 ; 0.2582780 ; 0.3791
3450.6 ; 238 ; 0.09 ; 0.2598965 ; 0.2582998 ; 0.3789
3465.1 ; 239 ; 0.09 ; 0.2597640 ; 0.2581598 ; 0.3788
3479.7 ; 240 ; 0.07 ; 0.2596820 ; 0.2580657 ; 0.3790
3494.1 ; 241 ; 0.09 ; 0.2596413 ; 0.2580696 ; 0.3793
3508.3 ; 242 ; 0.07 ; 0.2595480 ; 0.2579976 ; 0.3809
3522.7 ; 243 ; 0.13 ; 0.2595135 ; 0.2579726 ; 0.3810
3537.1 ; 244 ; 0.14 ; 0.2593450 ; 0.2578033 ; 0.3811
3551.3 ; 245 ; 0.13 ; 0.2593833 ; 0.2577944 ; 0.3826
3565.8 ; 246 ; 0.09 ; 0.2592223 ; 0.2576098 ; 0.3812
3580.4 ; 247 ; 0.14 ; 0.2591004 ; 0.2575131 ; 0.3817
3594.7 ; 248 ; 0.13 ; 0.2589689 ; 0.2573741 ; 0.3811
3609.2 ; 249 ; 0.10 ; 0.2589255 ; 0.2572873 ; 0.3819
3623.6 ; 250 ; 0.14 ; 0.2588944 ; 0.2572474 ; 0.3817
3638.1 ; 251 ; 0.07 ; 0.2588157 ; 0.2571603 ; 0.3823
3652.8 ; 252 ; 0.07 ; 0.2588008 ; 0.2571798 ; 0.3814
3667.2 ; 253 ; 0.15 ; 0.2586883 ; 0.2569806 ; 0.3834
3681.6 ; 254 ; 0.10 ; 0.2586626 ; 0.2569552 ; 0.3830
3696.0 ; 255 ; 0.08 ; 0.2586417 ; 0.2570065 ; 0.3821
3710.2 ; 256 ; 0.13 ; 0.2585316 ; 0.2568934 ; 0.3818
3724.6 ; 257 ; 0.04 ; 0.2584508 ; 0.2568038 ; 0.3832
3739.0 ; 258 ; 0.11 ; 0.2585136 ; 0.2569105 ; 0.3829
3753.4 ; 259 ; 0.12 ; 0.2583044 ; 0.2566761 ; 0.3813
3767.9 ; 260 ; 0.14 ; 0.2582178 ; 0.2565511 ; 0.3832
3782.3 ; 261 ; 0.12 ; 0.2581201 ; 0.2564423 ; 0.3837
3796.8 ; 262 ; 0.12 ; 0.2580250 ; 0.2563895 ; 0.3838
3811.4 ; 263 ; 0.05 ; 0.2580240 ; 0.2564053 ; 0.3833
3825.9 ; 264 ; 0.05 ; 0.2580479 ; 0.2564632 ; 0.3826
3840.4 ; 265 ; 0.06 ; 0.2580733 ; 0.2564532 ; 0.3847
3854.9 ; 266 ; 0.07 ; 0.2580543 ; 0.2564467 ; 0.3844
3869.4 ; 267 ; 0.11 ; 0.2578994 ; 0.2562676 ; 0.3848
3883.9 ; 268 ; 0.14 ; 0.2577689 ; 0.2561964 ; 0.3834
3898.4 ; 269 ; 0.14 ; 0.2577097 ; 0.2562149 ; 0.3851
3913.1 ; 270 ; 0.08 ; 0.2576674 ; 0.2561291 ; 0.3836
3927.4 ; 271 ; 0.08 ; 0.2577216 ; 0.2562009 ; 0.3833
3941.7 ; 272 ; 0.05 ; 0.2576496 ; 0.2560956 ; 0.3832
3956.2 ; 273 ; 0.11 ; 0.2576017 ; 0.2560934 ; 0.3835
3970.4 ; 274 ; 0.07 ; 0.2576068 ; 0.2560709 ; 0.3841
3984.7 ; 275 ; 0.09 ; 0.2575898 ; 0.2560907 ; 0.3828
3999.2 ; 276 ; 0.12 ; 0.2574415 ; 0.2558771 ; 0.3847
4013.5 ; 277 ; 0.08 ; 0.2573873 ; 0.2558125 ; 0.3841
4027.9 ; 278 ; 0.15 ; 0.2572999 ; 0.2556845 ; 0.3847
4042.3 ; 279 ; 0.11 ; 0.2571897 ; 0.2555607 ; 0.3844
4057.1 ; 280 ; 0.08 ; 0.2571260 ; 0.2554404 ; 0.3863
4071.4 ; 281 ; 0.13 ; 0.2570568 ; 0.2554153 ; 0.3863
4085.8 ; 282 ; 0.12 ; 0.2570178 ; 0.2554043 ; 0.3859
4100.2 ; 283 ; 0.19 ; 0.2568839 ; 0.2552593 ; 0.3874
4114.5 ; 284 ; 0.05 ; 0.2568637 ; 0.2551910 ; 0.3881
4128.9 ; 285 ; 0.10 ; 0.2567508 ; 0.2550643 ; 0.3887
4143.3 ; 286 ; 0.10 ; 0.2567197 ; 0.2550554 ; 0.3876
4157.8 ; 287 ; 0.04 ; 0.2566798 ; 0.2549808 ; 0.3877
4172.4 ; 288 ; 0.06 ; 0.2566520 ; 0.2549405 ; 0.3876
4186.9 ; 289 ; 0.08 ; 0.2566142 ; 0.2549078 ; 0.3888
4201.1 ; 290 ; 0.10 ; 0.2565590 ; 0.2548063 ; 0.3887
4215.6 ; 291 ; 0.04 ; 0.2565350 ; 0.2547719 ; 0.3899
4229.9 ; 292 ; 0.10 ; 0.2564109 ; 0.2546555 ; 0.3901
4244.2 ; 293 ; 0.12 ; 0.2565097 ; 0.2547958 ; 0.3890
4258.8 ; 294 ; 0.07 ; 0.2564023 ; 0.2546857 ; 0.3896
4273.1 ; 295 ; 0.12 ; 0.2562831 ; 0.2545283 ; 0.3890
4287.6 ; 296 ; 0.13 ; 0.2562703 ; 0.2545065 ; 0.3896
4302.1 ; 297 ; 0.09 ; 0.2562689 ; 0.2544927 ; 0.3909
4316.4 ; 298 ; 0.10 ; 0.2561281 ; 0.2543012 ; 0.3928
4330.9 ; 299 ; 0.09 ; 0.2561449 ; 0.2543528 ; 0.3919
sigma=1.0
sigma=0.1
sigma=0.010000000000000002
4358.2 ; 1 ; 0.00 ; 0.2561449 ; 0.2543528 ; 0.3919
4372.5 ; 2 ; 0.05 ; 0.2561667 ; 0.2543383 ; 0.3922
4387.0 ; 3 ; 0.05 ; 0.2560891 ; 0.2542360 ; 0.3920
4401.6 ; 4 ; 0.07 ; 0.2560636 ; 0.2542219 ; 0.3922
4416.2 ; 5 ; 0.11 ; 0.2560434 ; 0.2542599 ; 0.3900
4430.7 ; 6 ; 0.11 ; 0.2558132 ; 0.2540267 ; 0.3911
4445.2 ; 7 ; 0.09 ; 0.2558920 ; 0.2540787 ; 0.3915
4459.7 ; 8 ; 0.10 ; 0.2559160 ; 0.2541355 ; 0.3910
4474.0 ; 9 ; 0.08 ; 0.2558171 ; 0.2540228 ; 0.3898
4488.6 ; 10 ; 0.09 ; 0.2556833 ; 0.2538985 ; 0.3916
4503.2 ; 11 ; 0.10 ; 0.2556241 ; 0.2538279 ; 0.3920
4517.8 ; 12 ; 0.12 ; 0.2555751 ; 0.2538222 ; 0.3920
4532.3 ; 13 ; 0.06 ; 0.2554586 ; 0.2536988 ; 0.3913
4546.7 ; 14 ; 0.12 ; 0.2554635 ; 0.2537441 ; 0.3912
4561.1 ; 15 ; 0.10 ; 0.2552983 ; 0.2535949 ; 0.3919
4575.4 ; 16 ; 0.12 ; 0.2553221 ; 0.2535565 ; 0.3931
4589.8 ; 17 ; 0.09 ; 0.2552312 ; 0.2534611 ; 0.3929
4604.3 ; 18 ; 0.08 ; 0.2552317 ; 0.2534872 ; 0.3930
4618.6 ; 19 ; 0.02 ; 0.2552349 ; 0.2535222 ; 0.3916
4632.8 ; 20 ; 0.06 ; 0.2551638 ; 0.2534359 ; 0.3926
4647.1 ; 21 ; 0.07 ; 0.2551396 ; 0.2534373 ; 0.3915
4661.4 ; 22 ; 0.12 ; 0.2551040 ; 0.2533942 ; 0.3938
4676.0 ; 23 ; 0.05 ; 0.2551450 ; 0.2534444 ; 0.3934
4690.8 ; 24 ; 0.10 ; 0.2550933 ; 0.2534119 ; 0.3931
4705.3 ; 25 ; 0.11 ; 0.2550064 ; 0.2532782 ; 0.3932
4719.8 ; 26 ; 0.12 ; 0.2549235 ; 0.2531734 ; 0.3931
4734.3 ; 27 ; 0.14 ; 0.2548430 ; 0.2530950 ; 0.3935
4748.7 ; 28 ; 0.09 ; 0.2547055 ; 0.2529491 ; 0.3928
4763.2 ; 29 ; 0.09 ; 0.2548176 ; 0.2531077 ; 0.3928
4777.9 ; 30 ; 0.06 ; 0.2547397 ; 0.2530267 ; 0.3953
4792.3 ; 31 ; 0.07 ; 0.2546496 ; 0.2529173 ; 0.3955
4806.9 ; 32 ; 0.07 ; 0.2545973 ; 0.2528372 ; 0.3949
4821.2 ; 33 ; 0.06 ; 0.2546229 ; 0.2528957 ; 0.3948
4835.9 ; 34 ; 0.05 ; 0.2545996 ; 0.2528659 ; 0.3953
4850.4 ; 35 ; 0.11 ; 0.2544751 ; 0.2526869 ; 0.3947
4864.8 ; 36 ; 0.06 ; 0.2544451 ; 0.2526651 ; 0.3960
4879.4 ; 37 ; 0.05 ; 0.2544273 ; 0.2526943 ; 0.3970
4893.9 ; 38 ; 0.11 ; 0.2545073 ; 0.2528204 ; 0.3950
4908.4 ; 39 ; 0.05 ; 0.2543273 ; 0.2525430 ; 0.3959
4922.7 ; 40 ; 0.14 ; 0.2542511 ; 0.2525230 ; 0.3947
4937.3 ; 41 ; 0.10 ; 0.2541451 ; 0.2523507 ; 0.3954
4951.7 ; 42 ; 0.08 ; 0.2541073 ; 0.2523263 ; 0.3951
4965.9 ; 43 ; 0.03 ; 0.2541118 ; 0.2522996 ; 0.3960
4980.2 ; 44 ; 0.10 ; 0.2540282 ; 0.2522320 ; 0.3962
4994.4 ; 45 ; 0.07 ; 0.2539814 ; 0.2521790 ; 0.3944
5008.7 ; 46 ; 0.05 ; 0.2539916 ; 0.2522066 ; 0.3956
5023.2 ; 47 ; 0.12 ; 0.2539858 ; 0.2522119 ; 0.3944
5037.7 ; 48 ; 0.09 ; 0.2539416 ; 0.2521407 ; 0.3958
5051.9 ; 49 ; 0.11 ; 0.2537374 ; 0.2518969 ; 0.3962
5066.1 ; 50 ; 0.07 ; 0.2537634 ; 0.2519474 ; 0.3961
5080.4 ; 51 ; 0.04 ; 0.2536882 ; 0.2518514 ; 0.3957
5094.8 ; 52 ; 0.05 ; 0.2536728 ; 0.2518358 ; 0.3959
5109.3 ; 53 ; 0.14 ; 0.2536603 ; 0.2518597 ; 0.3964
5123.7 ; 54 ; 0.19 ; 0.2534715 ; 0.2516779 ; 0.3961
5138.2 ; 55 ; 0.03 ; 0.2535135 ; 0.2517421 ; 0.3948
5152.8 ; 56 ; 0.14 ; 0.2533253 ; 0.2515488 ; 0.3966
5167.1 ; 57 ; 0.07 ; 0.2533262 ; 0.2515596 ; 0.3963
5181.5 ; 58 ; 0.13 ; 0.2533545 ; 0.2515968 ; 0.3949
5196.0 ; 59 ; 0.03 ; 0.2533872 ; 0.2515892 ; 0.3963
5210.5 ; 60 ; 0.10 ; 0.2532564 ; 0.2514176 ; 0.3973
5225.1 ; 61 ; 0.10 ; 0.2531811 ; 0.2513540 ; 0.3959
5239.7 ; 62 ; 0.07 ; 0.2530911 ; 0.2512160 ; 0.3960
5254.4 ; 63 ; 0.03 ; 0.2530952 ; 0.2512238 ; 0.3970
5269.2 ; 64 ; 0.07 ; 0.2530282 ; 0.2511423 ; 0.3965
5283.8 ; 65 ; 0.05 ; 0.2529804 ; 0.2511218 ; 0.3949
5298.1 ; 66 ; 0.04 ; 0.2528981 ; 0.2510130 ; 0.3965
5312.6 ; 67 ; 0.09 ; 0.2530433 ; 0.2511715 ; 0.3987
5326.9 ; 68 ; 0.14 ; 0.2529188 ; 0.2510819 ; 0.3977
5341.4 ; 69 ; 0.09 ; 0.2529058 ; 0.2510664 ; 0.3986
5355.8 ; 70 ; 0.09 ; 0.2527267 ; 0.2508759 ; 0.3989
5370.2 ; 71 ; 0.10 ; 0.2528609 ; 0.2510290 ; 0.3995
5384.5 ; 72 ; 0.10 ; 0.2525950 ; 0.2507533 ; 0.3980
5399.0 ; 73 ; 0.03 ; 0.2526570 ; 0.2508500 ; 0.3986
5413.5 ; 74 ; 0.05 ; 0.2526451 ; 0.2508412 ; 0.3985
5427.9 ; 75 ; 0.06 ; 0.2526391 ; 0.2508336 ; 0.3993
5442.3 ; 76 ; 0.10 ; 0.2526379 ; 0.2508130 ; 0.3993
5456.7 ; 77 ; 0.14 ; 0.2526569 ; 0.2508011 ; 0.3989
5471.0 ; 78 ; 0.08 ; 0.2525229 ; 0.2506674 ; 0.3990
5485.5 ; 79 ; 0.04 ; 0.2525063 ; 0.2506273 ; 0.4000
5500.1 ; 80 ; 0.09 ; 0.2523683 ; 0.2504779 ; 0.3998
5514.6 ; 81 ; 0.12 ; 0.2523647 ; 0.2505118 ; 0.3983
5529.1 ; 82 ; 0.07 ; 0.2523508 ; 0.2505054 ; 0.3994
5543.5 ; 83 ; 0.10 ; 0.2522058 ; 0.2503425 ; 0.3992
5558.0 ; 84 ; 0.03 ; 0.2522632 ; 0.2504468 ; 0.3987
5572.5 ; 85 ; 0.07 ; 0.2521013 ; 0.2502310 ; 0.3988
5587.0 ; 86 ; 0.07 ; 0.2521853 ; 0.2503372 ; 0.3993
5601.4 ; 87 ; 0.07 ; 0.2521756 ; 0.2503260 ; 0.3989
5615.9 ; 88 ; 0.05 ; 0.2520941 ; 0.2501882 ; 0.3985
5630.3 ; 89 ; 0.11 ; 0.2520477 ; 0.2501571 ; 0.3997
5645.0 ; 90 ; 0.05 ; 0.2520892 ; 0.2502241 ; 0.3988
5659.5 ; 91 ; 0.06 ; 0.2520777 ; 0.2502360 ; 0.4007
5673.8 ; 92 ; 0.03 ; 0.2520296 ; 0.2501479 ; 0.3993
5688.2 ; 93 ; 0.04 ; 0.2520409 ; 0.2501678 ; 0.4000
5702.7 ; 94 ; 0.04 ; 0.2518611 ; 0.2500015 ; 0.3991
5717.1 ; 95 ; 0.14 ; 0.2518349 ; 0.2499504 ; 0.3998
5731.6 ; 96 ; 0.04 ; 0.2518724 ; 0.2500079 ; 0.3990
5746.2 ; 97 ; 0.04 ; 0.2518821 ; 0.2499969 ; 0.3997
5760.6 ; 98 ; 0.03 ; 0.2517807 ; 0.2498999 ; 0.3996
5775.0 ; 99 ; 0.09 ; 0.2516851 ; 0.2497853 ; 0.3999
sigma=1.0
sigma=0.1
sigma=0.010000000000000002
5802.2 ; 1 ; 0.00 ; 0.2516851 ; 0.2497853 ; 0.3999
5816.4 ; 2 ; 0.03 ; 0.2517412 ; 0.2498642 ; 0.4004
5830.8 ; 3 ; 0.06 ; 0.2517327 ; 0.2498678 ; 0.4015
5845.2 ; 4 ; 0.04 ; 0.2516986 ; 0.2498141 ; 0.3998
5859.6 ; 5 ; 0.05 ; 0.2517452 ; 0.2499105 ; 0.4005
5874.1 ; 6 ; 0.05 ; 0.2516965 ; 0.2498377 ; 0.4008
5888.4 ; 7 ; 0.07 ; 0.2517072 ; 0.2499014 ; 0.4012
5903.0 ; 8 ; 0.06 ; 0.2516236 ; 0.2497791 ; 0.4001
5917.5 ; 9 ; 0.11 ; 0.2516410 ; 0.2498017 ; 0.4019
5931.8 ; 10 ; 0.11 ; 0.2516829 ; 0.2498523 ; 0.4035
5946.2 ; 11 ; 0.07 ; 0.2515195 ; 0.2496912 ; 0.4032
5960.7 ; 12 ; 0.07 ; 0.2514245 ; 0.2495677 ; 0.4023
5975.3 ; 13 ; 0.03 ; 0.2514069 ; 0.2495780 ; 0.4037
5989.6 ; 14 ; 0.08 ; 0.2513407 ; 0.2495270 ; 0.4020
6003.7 ; 15 ; 0.04 ; 0.2513500 ; 0.2495588 ; 0.4026
6018.4 ; 16 ; 0.04 ; 0.2513050 ; 0.2495465 ; 0.4023
6033.0 ; 17 ; 0.09 ; 0.2513965 ; 0.2496632 ; 0.4019
6047.5 ; 18 ; 0.05 ; 0.2512354 ; 0.2494729 ; 0.4030
6062.0 ; 19 ; 0.01 ; 0.2512603 ; 0.2495092 ; 0.4036
6076.4 ; 20 ; 0.05 ; 0.2512624 ; 0.2495094 ; 0.4030
6090.8 ; 21 ; 0.08 ; 0.2512405 ; 0.2494915 ; 0.4036
6105.2 ; 22 ; 0.13 ; 0.2510980 ; 0.2493092 ; 0.4040
6119.6 ; 23 ; 0.09 ; 0.2510134 ; 0.2492128 ; 0.4029
6134.2 ; 24 ; 0.02 ; 0.2510308 ; 0.2492175 ; 0.4025
6148.4 ; 25 ; 0.09 ; 0.2510695 ; 0.2492938 ; 0.4050
6162.9 ; 26 ; 0.07 ; 0.2509152 ; 0.2490874 ; 0.4036
6177.3 ; 27 ; 0.10 ; 0.2510198 ; 0.2492002 ; 0.4046
6191.8 ; 28 ; 0.05 ; 0.2509324 ; 0.2490956 ; 0.4031
6206.2 ; 29 ; 0.07 ; 0.2509948 ; 0.2491509 ; 0.4036
6220.7 ; 30 ; 0.05 ; 0.2509882 ; 0.2491274 ; 0.4030
6235.2 ; 31 ; 0.05 ; 0.2509183 ; 0.2490604 ; 0.4037
6250.0 ; 32 ; 0.07 ; 0.2510077 ; 0.2491877 ; 0.4029
6264.3 ; 33 ; 0.05 ; 0.2509899 ; 0.2491702 ; 0.4033
6278.8 ; 34 ; 0.08 ; 0.2509140 ; 0.2491006 ; 0.4031
6293.4 ; 35 ; 0.11 ; 0.2508195 ; 0.2489890 ; 0.4036
6307.8 ; 36 ; 0.02 ; 0.2507959 ; 0.2489467 ; 0.4044
6322.1 ; 37 ; 0.07 ; 0.2508255 ; 0.2490306 ; 0.4039
6336.4 ; 38 ; 0.05 ; 0.2507687 ; 0.2489345 ; 0.4047
6350.8 ; 39 ; 0.09 ; 0.2506781 ; 0.2488133 ; 0.4041
6365.2 ; 40 ; 0.03 ; 0.2506462 ; 0.2487912 ; 0.4048
6379.8 ; 41 ; 0.08 ; 0.2505292 ; 0.2487027 ; 0.4045
6394.2 ; 42 ; 0.02 ; 0.2505829 ; 0.2487766 ; 0.4032
6408.7 ; 43 ; 0.06 ; 0.2505940 ; 0.2487757 ; 0.4048
6423.3 ; 44 ; 0.14 ; 0.2505816 ; 0.2487933 ; 0.4029
6437.8 ; 45 ; 0.07 ; 0.2504497 ; 0.2486496 ; 0.4049
6452.3 ; 46 ; 0.09 ; 0.2504790 ; 0.2486920 ; 0.4041
6466.9 ; 47 ; 0.07 ; 0.2505881 ; 0.2488578 ; 0.4041
6481.5 ; 48 ; 0.04 ; 0.2504782 ; 0.2487149 ; 0.4046
6495.7 ; 49 ; 0.04 ; 0.2505255 ; 0.2487427 ; 0.4049
6510.2 ; 50 ; 0.03 ; 0.2503953 ; 0.2485567 ; 0.4055
6524.8 ; 51 ; 0.07 ; 0.2504421 ; 0.2486293 ; 0.4045
sigma=0.0010000000000000002
6539.2 ; 52 ; 0.00 ; 0.2504421 ; 0.2486293 ; 0.4045
6553.7 ; 53 ; 0.42 ; 0.2503794 ; 0.2485674 ; 0.4047
6568.5 ; 54 ; 0.34 ; 0.2503511 ; 0.2485337 ; 0.4059
6583.3 ; 55 ; 0.35 ; 0.2503288 ; 0.2485159 ; 0.4058
6597.9 ; 56 ; 0.36 ; 0.2502951 ; 0.2484790 ; 0.4047
6612.4 ; 57 ; 0.38 ; 0.2502628 ; 0.2484338 ; 0.4053
6626.8 ; 58 ; 0.36 ; 0.2502247 ; 0.2483874 ; 0.4045
6641.4 ; 59 ; 0.38 ; 0.2502062 ; 0.2483592 ; 0.4054
6656.1 ; 60 ; 0.38 ; 0.2501971 ; 0.2483555 ; 0.4054
6670.7 ; 61 ; 0.33 ; 0.2501736 ; 0.2483322 ; 0.4055
6684.8 ; 62 ; 0.32 ; 0.2501865 ; 0.2483453 ; 0.4048
6699.1 ; 63 ; 0.45 ; 0.2501601 ; 0.2483016 ; 0.4057
6713.6 ; 64 ; 0.30 ; 0.2501641 ; 0.2483163 ; 0.4057
6727.6 ; 65 ; 0.36 ; 0.2501315 ; 0.2482787 ; 0.4054
6741.7 ; 66 ; 0.37 ; 0.2500911 ; 0.2482242 ; 0.4065
6755.6 ; 67 ; 0.27 ; 0.2500929 ; 0.2482361 ; 0.4065
6769.6 ; 68 ; 0.30 ; 0.2500682 ; 0.2482097 ; 0.4067
6783.8 ; 69 ; 0.29 ; 0.2500583 ; 0.2481848 ; 0.4070
6798.0 ; 70 ; 0.29 ; 0.2500325 ; 0.2481620 ; 0.4065
6812.5 ; 71 ; 0.27 ; 0.2500242 ; 0.2481707 ; 0.4069
6826.7 ; 72 ; 0.32 ; 0.2499793 ; 0.2481259 ; 0.4068
6840.9 ; 73 ; 0.27 ; 0.2499761 ; 0.2481251 ; 0.4070
6855.5 ; 74 ; 0.32 ; 0.2499530 ; 0.2480941 ; 0.4073
6869.7 ; 75 ; 0.38 ; 0.2499368 ; 0.2480657 ; 0.4073
6884.1 ; 76 ; 0.37 ; 0.2499405 ; 0.2480658 ; 0.4073
6898.6 ; 77 ; 0.40 ; 0.2498986 ; 0.2480170 ; 0.4066
6913.5 ; 78 ; 0.32 ; 0.2499274 ; 0.2480616 ; 0.4071
6928.0 ; 79 ; 0.43 ; 0.2498780 ; 0.2479967 ; 0.4074
6942.2 ; 80 ; 0.42 ; 0.2498413 ; 0.2479543 ; 0.4074
6956.7 ; 81 ; 0.35 ; 0.2498459 ; 0.2479678 ; 0.4078
6971.1 ; 82 ; 0.32 ; 0.2498613 ; 0.2479754 ; 0.4079
6985.6 ; 83 ; 0.44 ; 0.2498207 ; 0.2479270 ; 0.4085
7000.3 ; 84 ; 0.35 ; 0.2498066 ; 0.2479195 ; 0.4086
7014.6 ; 85 ; 0.42 ; 0.2497661 ; 0.2478761 ; 0.4073
7029.0 ; 86 ; 0.31 ; 0.2497654 ; 0.2478813 ; 0.4076
7043.3 ; 87 ; 0.44 ; 0.2497172 ; 0.2478273 ; 0.4081
7057.7 ; 88 ; 0.32 ; 0.2497137 ; 0.2478210 ; 0.4080
7072.1 ; 89 ; 0.37 ; 0.2497186 ; 0.2478264 ; 0.4080
7086.6 ; 90 ; 0.33 ; 0.2496809 ; 0.2477825 ; 0.4083
7101.1 ; 91 ; 0.32 ; 0.2497038 ; 0.2478195 ; 0.4085
7115.5 ; 92 ; 0.39 ; 0.2496953 ; 0.2478044 ; 0.4084
7130.1 ; 93 ; 0.34 ; 0.2496687 ; 0.2477751 ; 0.4077
7144.7 ; 94 ; 0.37 ; 0.2496159 ; 0.2477103 ; 0.4088
7159.2 ; 95 ; 0.32 ; 0.2496428 ; 0.2477493 ; 0.4088
7173.8 ; 96 ; 0.31 ; 0.2496097 ; 0.2477067 ; 0.4083
7188.2 ; 97 ; 0.38 ; 0.2496233 ; 0.2477216 ; 0.4088
7202.6 ; 98 ; 0.27 ; 0.2495927 ; 0.2476851 ; 0.4084
7217.0 ; 99 ; 0.37 ; 0.2496151 ; 0.2477117 ; 0.4085
sigma=1.0
sigma=0.1
sigma=0.010000000000000002
7244.2 ; 1 ; 0.00 ; 0.2496151 ; 0.2477117 ; 0.4085
7258.4 ; 2 ; 0.04 ; 0.2494748 ; 0.2475496 ; 0.4093
7272.7 ; 3 ; 0.06 ; 0.2495649 ; 0.2476753 ; 0.4095
7287.1 ; 4 ; 0.13 ; 0.2493870 ; 0.2474952 ; 0.4097
7301.3 ; 5 ; 0.09 ; 0.2494179 ; 0.2475567 ; 0.4092
7315.5 ; 6 ; 0.10 ; 0.2494152 ; 0.2475569 ; 0.4083
7330.0 ; 7 ; 0.05 ; 0.2492464 ; 0.2473210 ; 0.4090
7344.4 ; 8 ; 0.08 ; 0.2491741 ; 0.2472322 ; 0.4094
7358.6 ; 9 ; 0.05 ; 0.2492319 ; 0.2472743 ; 0.4103
7372.8 ; 10 ; 0.07 ; 0.2491763 ; 0.2472121 ; 0.4084
7387.2 ; 11 ; 0.05 ; 0.2491443 ; 0.2471833 ; 0.4081
7401.7 ; 12 ; 0.04 ; 0.2491581 ; 0.2471884 ; 0.4089
7416.0 ; 13 ; 0.09 ; 0.2491465 ; 0.2471868 ; 0.4105
7430.0 ; 14 ; 0.04 ; 0.2491694 ; 0.2472723 ; 0.4103
7444.5 ; 15 ; 0.07 ; 0.2490816 ; 0.2471833 ; 0.4115
7458.6 ; 16 ; 0.07 ; 0.2489057 ; 0.2470485 ; 0.4119
7473.1 ; 17 ; 0.12 ; 0.2489657 ; 0.2471118 ; 0.4111
7487.4 ; 18 ; 0.05 ; 0.2488194 ; 0.2469449 ; 0.4134
7501.9 ; 19 ; 0.03 ; 0.2487978 ; 0.2469399 ; 0.4133
7516.4 ; 20 ; 0.06 ; 0.2487993 ; 0.2468626 ; 0.4125
7530.8 ; 21 ; 0.03 ; 0.2487479 ; 0.2468408 ; 0.4123
7545.2 ; 22 ; 0.01 ; 0.2487726 ; 0.2468645 ; 0.4123
7559.4 ; 23 ; 0.02 ; 0.2488115 ; 0.2469032 ; 0.4129
7573.9 ; 24 ; 0.06 ; 0.2487945 ; 0.2469027 ; 0.4117
7588.5 ; 25 ; 0.04 ; 0.2486594 ; 0.2467834 ; 0.4126
7603.1 ; 26 ; 0.03 ; 0.2487082 ; 0.2468643 ; 0.4138
7617.4 ; 27 ; 0.01 ; 0.2486657 ; 0.2468024 ; 0.4140
7632.0 ; 28 ; 0.03 ; 0.2486547 ; 0.2467975 ; 0.4140
7646.3 ; 29 ; 0.03 ; 0.2486706 ; 0.2468371 ; 0.4139
7660.6 ; 30 ; 0.17 ; 0.2485459 ; 0.2466138 ; 0.4140
7675.1 ; 31 ; 0.02 ; 0.2485952 ; 0.2466605 ; 0.4138
7689.3 ; 32 ; 0.06 ; 0.2486498 ; 0.2467061 ; 0.4145
7703.8 ; 33 ; 0.04 ; 0.2486294 ; 0.2466862 ; 0.4142
7718.3 ; 34 ; 0.07 ; 0.2485640 ; 0.2466510 ; 0.4131
7732.6 ; 35 ; 0.06 ; 0.2485471 ; 0.2466168 ; 0.4130
7746.9 ; 36 ; 0.01 ; 0.2485344 ; 0.2466264 ; 0.4125
7761.4 ; 37 ; 0.08 ; 0.2484857 ; 0.2465583 ; 0.4132
7775.8 ; 38 ; 0.08 ; 0.2485208 ; 0.2466291 ; 0.4124
7790.2 ; 39 ; 0.05 ; 0.2485641 ; 0.2466452 ; 0.4132
7804.4 ; 40 ; 0.06 ; 0.2484227 ; 0.2464639 ; 0.4136
7818.7 ; 41 ; 0.06 ; 0.2484061 ; 0.2464866 ; 0.4147
7833.1 ; 42 ; 0.06 ; 0.2484056 ; 0.2465007 ; 0.4138
7847.5 ; 43 ; 0.06 ; 0.2484539 ; 0.2465722 ; 0.4134
7861.9 ; 44 ; 0.04 ; 0.2483563 ; 0.2464518 ; 0.4134
7876.3 ; 45 ; 0.01 ; 0.2483300 ; 0.2463888 ; 0.4136
7890.7 ; 46 ; 0.02 ; 0.2484064 ; 0.2464791 ; 0.4131
7905.4 ; 47 ; 0.04 ; 0.2483329 ; 0.2464424 ; 0.4140
7919.9 ; 48 ; 0.07 ; 0.2482070 ; 0.2462783 ; 0.4138
7934.3 ; 49 ; 0.04 ; 0.2481713 ; 0.2462395 ; 0.4130
7948.8 ; 50 ; 0.02 ; 0.2482883 ; 0.2464203 ; 0.4129
7963.2 ; 51 ; 0.03 ; 0.2481492 ; 0.2462358 ; 0.4132
7977.7 ; 52 ; 0.08 ; 0.2481692 ; 0.2462335 ; 0.4137
7992.1 ; 53 ; 0.08 ; 0.2482196 ; 0.2462303 ; 0.4137
8006.7 ; 54 ; 0.03 ; 0.2482203 ; 0.2462381 ; 0.4142
8021.0 ; 55 ; 0.02 ; 0.2482571 ; 0.2462642 ; 0.4142
8035.6 ; 56 ; 0.08 ; 0.2480718 ; 0.2460555 ; 0.4147
8049.7 ; 57 ; 0.02 ; 0.2480504 ; 0.2460812 ; 0.4149
8063.9 ; 58 ; 0.06 ; 0.2480903 ; 0.2461314 ; 0.4148
8078.2 ; 59 ; 0.07 ; 0.2481327 ; 0.2461856 ; 0.4153
8092.6 ; 60 ; 0.04 ; 0.2481171 ; 0.2461591 ; 0.4149
8106.7 ; 61 ; 0.05 ; 0.2480985 ; 0.2461265 ; 0.4156
8121.0 ; 62 ; 0.06 ; 0.2480254 ; 0.2460393 ; 0.4160
8135.5 ; 63 ; 0.08 ; 0.2480548 ; 0.2461366 ; 0.4143
8150.0 ; 64 ; 0.02 ; 0.2480330 ; 0.2460909 ; 0.4149
8164.4 ; 65 ; 0.06 ; 0.2479683 ; 0.2460593 ; 0.4142
8179.1 ; 66 ; 0.05 ; 0.2480403 ; 0.2461379 ; 0.4135
8193.8 ; 67 ; 0.02 ; 0.2479899 ; 0.2460863 ; 0.4142
8208.3 ; 68 ; 0.07 ; 0.2479572 ; 0.2460924 ; 0.4150
8222.6 ; 69 ; 0.09 ; 0.2478428 ; 0.2459416 ; 0.4154
8237.3 ; 70 ; 0.07 ; 0.2477826 ; 0.2458522 ; 0.4142
8251.7 ; 71 ; 0.07 ; 0.2478123 ; 0.2458964 ; 0.4149
8266.1 ; 72 ; 0.05 ; 0.2477832 ; 0.2458947 ; 0.4142
8280.7 ; 73 ; 0.06 ; 0.2477479 ; 0.2458172 ; 0.4154
8295.0 ; 74 ; 0.02 ; 0.2477743 ; 0.2458371 ; 0.4142
8309.2 ; 75 ; 0.05 ; 0.2478234 ; 0.2458856 ; 0.4155
8323.7 ; 76 ; 0.05 ; 0.2477305 ; 0.2458295 ; 0.4147
8338.4 ; 77 ; 0.04 ; 0.2475827 ; 0.2456398 ; 0.4143
8353.0 ; 78 ; 0.07 ; 0.2476801 ; 0.2457456 ; 0.4133
8367.7 ; 79 ; 0.01 ; 0.2477364 ; 0.2458231 ; 0.4151
8382.1 ; 80 ; 0.05 ; 0.2476456 ; 0.2456622 ; 0.4143
8396.5 ; 81 ; 0.04 ; 0.2476855 ; 0.2457022 ; 0.4159
8410.8 ; 82 ; 0.05 ; 0.2476700 ; 0.2456572 ; 0.4147
sigma=0.0010000000000000002
8425.2 ; 83 ; 0.00 ; 0.2476700 ; 0.2456572 ; 0.4147
8439.5 ; 84 ; 0.44 ; 0.2476161 ; 0.2456134 ; 0.4148
8454.0 ; 85 ; 0.32 ; 0.2475632 ; 0.2455716 ; 0.4141
8468.4 ; 86 ; 0.33 ; 0.2475367 ; 0.2455482 ; 0.4147
8483.0 ; 87 ; 0.33 ; 0.2475674 ; 0.2455777 ; 0.4142
8497.4 ; 88 ; 0.36 ; 0.2475238 ; 0.2455368 ; 0.4143
8512.0 ; 89 ; 0.30 ; 0.2474935 ; 0.2454954 ; 0.4146
8526.4 ; 90 ; 0.35 ; 0.2474882 ; 0.2454969 ; 0.4141
8540.5 ; 91 ; 0.31 ; 0.2474870 ; 0.2454871 ; 0.4141
8555.0 ; 92 ; 0.28 ; 0.2474663 ; 0.2454736 ; 0.4140
8569.2 ; 93 ; 0.21 ; 0.2474372 ; 0.2454405 ; 0.4138
8583.9 ; 94 ; 0.34 ; 0.2474554 ; 0.2454704 ; 0.4145
8598.2 ; 95 ; 0.28 ; 0.2474336 ; 0.2454531 ; 0.4139
8612.8 ; 96 ; 0.34 ; 0.2473976 ; 0.2454064 ; 0.4141
8627.2 ; 97 ; 0.27 ; 0.2473596 ; 0.2453579 ; 0.4152
8641.5 ; 98 ; 0.34 ; 0.2473507 ; 0.2453465 ; 0.4148
8656.3 ; 99 ; 0.24 ; 0.2473600 ; 0.2453563 ; 0.4152
sigma=1.0
sigma=0.1
8685.6 ; 1 ; 0.08 ; 0.3738322 ; 0.3719124 ; 0.1004
8701.2 ; 2 ; 0.04 ; 0.3726479 ; 0.3707183 ; 0.1001
sigma=0.010000000000000002
8717.1 ; 3 ; 0.00 ; 0.3726479 ; 0.3707183 ; 0.1001
8733.0 ; 4 ; 0.23 ; 0.3721034 ; 0.3701743 ; 0.1001
8748.7 ; 5 ; 0.30 ; 0.3713196 ; 0.3694216 ; 0.1001
8764.6 ; 6 ; 0.28 ; 0.3702288 ; 0.3682826 ; 0.0999
8780.6 ; 7 ; 0.25 ; 0.3692954 ; 0.3672372 ; 0.1004
8796.6 ; 8 ; 0.24 ; 0.3684381 ; 0.3664082 ; 0.1009
8812.3 ; 9 ; 0.30 ; 0.3676160 ; 0.3655442 ; 0.1017
8828.0 ; 10 ; 0.37 ; 0.3658469 ; 0.3638120 ; 0.1024
8843.7 ; 11 ; 0.43 ; 0.3625701 ; 0.3605294 ; 0.1047
8859.7 ; 12 ; 0.43 ; 0.3574726 ; 0.3555562 ; 0.1078
8875.2 ; 13 ; 0.40 ; 0.3513300 ; 0.3491049 ; 0.1155
8891.0 ; 14 ; 0.54 ; 0.3432326 ; 0.3403073 ; 0.1354
8906.4 ; 15 ; 0.37 ; 0.3403875 ; 0.3371632 ; 0.1420
8922.5 ; 16 ; 0.26 ; 0.3381380 ; 0.3351288 ; 0.1472
8938.5 ; 17 ; 0.40 ; 0.3350251 ; 0.3320678 ; 0.1518
8954.3 ; 18 ; 0.31 ; 0.3332760 ; 0.3303703 ; 0.1560
8970.1 ; 19 ; 0.35 ; 0.3311750 ; 0.3286982 ; 0.1561
8985.8 ; 20 ; 0.34 ; 0.3292521 ; 0.3269156 ; 0.1564
9001.2 ; 21 ; 0.30 ; 0.3277107 ; 0.3254816 ; 0.1588
9016.8 ; 22 ; 0.31 ; 0.3258659 ; 0.3238266 ; 0.1632
9032.5 ; 23 ; 0.31 ; 0.3238549 ; 0.3221402 ; 0.1641
9048.3 ; 24 ; 0.42 ; 0.3214833 ; 0.3198081 ; 0.1674
9064.0 ; 25 ; 0.39 ; 0.3188181 ; 0.3173005 ; 0.1702
9079.6 ; 26 ; 0.41 ; 0.3159053 ; 0.3143367 ; 0.1808
9095.5 ; 27 ; 0.31 ; 0.3135576 ; 0.3122955 ; 0.1859
9111.5 ; 28 ; 0.44 ; 0.3106781 ; 0.3096587 ; 0.1926
9127.7 ; 29 ; 0.34 ; 0.3090961 ; 0.3081294 ; 0.1968
9143.6 ; 30 ; 0.28 ; 0.3077221 ; 0.3069169 ; 0.2011
9159.3 ; 31 ; 0.36 ; 0.3066389 ; 0.3056881 ; 0.2054
9175.1 ; 32 ; 0.30 ; 0.3056558 ; 0.3046616 ; 0.2078
9191.2 ; 33 ; 0.27 ; 0.3044582 ; 0.3035455 ; 0.2114
9207.1 ; 34 ; 0.33 ; 0.3030364 ; 0.3020906 ; 0.2166
9222.9 ; 35 ; 0.33 ; 0.3017655 ; 0.3008014 ; 0.2200
9238.9 ; 36 ; 0.35 ; 0.3003661 ; 0.2993999 ; 0.2261
9254.8 ; 37 ; 0.22 ; 0.2990158 ; 0.2981191 ; 0.2305
9270.2 ; 38 ; 0.21 ; 0.2982805 ; 0.2972779 ; 0.2340
9285.8 ; 39 ; 0.25 ; 0.2974012 ; 0.2963703 ; 0.2354
9301.5 ; 40 ; 0.28 ; 0.2964580 ; 0.2954682 ; 0.2392
9317.0 ; 41 ; 0.30 ; 0.2954282 ; 0.2943851 ; 0.2436
9332.4 ; 42 ; 0.33 ; 0.2944763 ; 0.2934882 ; 0.2452
9347.9 ; 43 ; 0.33 ; 0.2933505 ; 0.2922837 ; 0.2498
9363.8 ; 44 ; 0.17 ; 0.2926965 ; 0.2915731 ; 0.2511
9379.5 ; 45 ; 0.22 ; 0.2919940 ; 0.2908803 ; 0.2540
9395.3 ; 46 ; 0.25 ; 0.2911137 ; 0.2900138 ; 0.2553
9410.7 ; 47 ; 0.14 ; 0.2907432 ; 0.2894682 ; 0.2562
9426.3 ; 48 ; 0.21 ; 0.2900075 ; 0.2887315 ; 0.2603
9441.7 ; 49 ; 0.32 ; 0.2888463 ; 0.2875621 ; 0.2630
9457.5 ; 50 ; 0.15 ; 0.2881981 ; 0.2867776 ; 0.2650
9473.3 ; 51 ; 0.29 ; 0.2874261 ; 0.2860633 ; 0.2707
9489.2 ; 52 ; 0.21 ; 0.2868872 ; 0.2855158 ; 0.2720
9505.4 ; 53 ; 0.19 ; 0.2863270 ; 0.2848756 ; 0.2733
9521.4 ; 54 ; 0.20 ; 0.2858641 ; 0.2843358 ; 0.2740
9537.1 ; 55 ; 0.25 ; 0.2851100 ; 0.2836320 ; 0.2775
9552.7 ; 56 ; 0.24 ; 0.2843861 ; 0.2828484 ; 0.2800
9568.2 ; 57 ; 0.18 ; 0.2837912 ; 0.2821413 ; 0.2816
9583.7 ; 58 ; 0.17 ; 0.2832160 ; 0.2814450 ; 0.2845
9599.6 ; 59 ; 0.18 ; 0.2827886 ; 0.2810448 ; 0.2863
9615.5 ; 60 ; 0.22 ; 0.2821155 ; 0.2802955 ; 0.2886
9631.3 ; 61 ; 0.15 ; 0.2817661 ; 0.2799391 ; 0.2924
9646.9 ; 62 ; 0.16 ; 0.2812681 ; 0.2794194 ; 0.2941
9662.6 ; 63 ; 0.15 ; 0.2810830 ; 0.2792766 ; 0.2946
9678.2 ; 64 ; 0.22 ; 0.2805339 ; 0.2785614 ; 0.2990
9694.1 ; 65 ; 0.17 ; 0.2799882 ; 0.2779842 ; 0.2998
9709.6 ; 66 ; 0.23 ; 0.2792988 ; 0.2773186 ; 0.3044
9725.3 ; 67 ; 0.13 ; 0.2790950 ; 0.2770435 ; 0.3038
9741.4 ; 68 ; 0.15 ; 0.2785611 ; 0.2765414 ; 0.3091
9757.4 ; 69 ; 0.16 ; 0.2781832 ; 0.2761842 ; 0.3114
9773.3 ; 70 ; 0.16 ; 0.2776515 ; 0.2755898 ; 0.3149
9789.4 ; 71 ; 0.15 ; 0.2772870 ; 0.2751765 ; 0.3159
9805.1 ; 72 ; 0.12 ; 0.2771722 ; 0.2750517 ; 0.3140
9821.0 ; 73 ; 0.14 ; 0.2768927 ; 0.2746957 ; 0.3180
9836.9 ; 74 ; 0.18 ; 0.2763704 ; 0.2742302 ; 0.3188
9852.4 ; 75 ; 0.08 ; 0.2762042 ; 0.2740693 ; 0.3204
9868.2 ; 76 ; 0.11 ; 0.2759735 ; 0.2738809 ; 0.3230
9884.1 ; 77 ; 0.21 ; 0.2755158 ; 0.2734530 ; 0.3247
9899.7 ; 78 ; 0.10 ; 0.2753406 ; 0.2732650 ; 0.3258
9915.3 ; 79 ; 0.13 ; 0.2750898 ; 0.2730044 ; 0.3258
9930.8 ; 80 ; 0.12 ; 0.2750340 ; 0.2729936 ; 0.3267
9946.5 ; 81 ; 0.16 ; 0.2747690 ; 0.2727350 ; 0.3279
9962.1 ; 82 ; 0.23 ; 0.2743981 ; 0.2723934 ; 0.3273
9977.7 ; 83 ; 0.10 ; 0.2740851 ; 0.2720782 ; 0.3319
9993.7 ; 84 ; 0.09 ; 0.2739372 ; 0.2718576 ; 0.3335
10009.8 ; 85 ; 0.18 ; 0.2737526 ; 0.2716041 ; 0.3352
10025.5 ; 86 ; 0.21 ; 0.2733978 ; 0.2712063 ; 0.3345
10041.2 ; 87 ; 0.16 ; 0.2731388 ; 0.2707953 ; 0.3374
10057.1 ; 88 ; 0.11 ; 0.2728728 ; 0.2705958 ; 0.3386
10073.0 ; 89 ; 0.16 ; 0.2725838 ; 0.2703296 ; 0.3394
10088.6 ; 90 ; 0.19 ; 0.2722531 ; 0.2699933 ; 0.3409
10104.0 ; 91 ; 0.16 ; 0.2719934 ; 0.2697462 ; 0.3426
10120.2 ; 92 ; 0.06 ; 0.2718365 ; 0.2695869 ; 0.3449
10136.1 ; 93 ; 0.15 ; 0.2714748 ; 0.2691777 ; 0.3428
10151.8 ; 94 ; 0.12 ; 0.2710721 ; 0.2687695 ; 0.3469
10167.4 ; 95 ; 0.23 ; 0.2708432 ; 0.2685517 ; 0.3491
10182.9 ; 96 ; 0.10 ; 0.2707612 ; 0.2684497 ; 0.3479
10198.4 ; 97 ; 0.20 ; 0.2704113 ; 0.2680738 ; 0.3495
10214.3 ; 98 ; 0.17 ; 0.2700002 ; 0.2676163 ; 0.3522
10230.1 ; 99 ; 0.13 ; 0.2697922 ; 0.2674459 ; 0.3529
10245.7 ; 100 ; 0.09 ; 0.2696245 ; 0.2672035 ; 0.3539
10261.4 ; 101 ; 0.12 ; 0.2695352 ; 0.2671560 ; 0.3536
10276.9 ; 102 ; 0.09 ; 0.2694188 ; 0.2669813 ; 0.3553
10292.4 ; 103 ; 0.11 ; 0.2691707 ; 0.2667106 ; 0.3530
10307.9 ; 104 ; 0.09 ; 0.2690381 ; 0.2665396 ; 0.3550
10323.7 ; 105 ; 0.11 ; 0.2688287 ; 0.2663620 ; 0.3556
10339.6 ; 106 ; 0.10 ; 0.2686689 ; 0.2661521 ; 0.3566
10355.2 ; 107 ; 0.11 ; 0.2687101 ; 0.2662497 ; 0.3543
10370.8 ; 108 ; 0.06 ; 0.2685812 ; 0.2661381 ; 0.3557
10386.2 ; 109 ; 0.06 ; 0.2685362 ; 0.2660951 ; 0.3568
10401.9 ; 110 ; 0.10 ; 0.2683187 ; 0.2658131 ; 0.3572
10417.6 ; 111 ; 0.14 ; 0.2680107 ; 0.2654737 ; 0.3588
10433.2 ; 112 ; 0.11 ; 0.2679072 ; 0.2653361 ; 0.3583
10448.7 ; 113 ; 0.10 ; 0.2678490 ; 0.2653103 ; 0.3567
10464.2 ; 114 ; 0.09 ; 0.2676583 ; 0.2650716 ; 0.3582
10479.6 ; 115 ; 0.16 ; 0.2673891 ; 0.2647356 ; 0.3601
10495.0 ; 116 ; 0.10 ; 0.2672233 ; 0.2645392 ; 0.3613
10510.3 ; 117 ; 0.09 ; 0.2670961 ; 0.2644163 ; 0.3615
10526.4 ; 118 ; 0.11 ; 0.2670034 ; 0.2642844 ; 0.3623
10541.9 ; 119 ; 0.09 ; 0.2668366 ; 0.2641218 ; 0.3639
10557.3 ; 120 ; 0.09 ; 0.2668394 ; 0.2641136 ; 0.3620
10573.5 ; 121 ; 0.09 ; 0.2667437 ; 0.2640297 ; 0.3636
10589.1 ; 122 ; 0.06 ; 0.2667270 ; 0.2639524 ; 0.3640
10604.5 ; 123 ; 0.11 ; 0.2667672 ; 0.2639778 ; 0.3607
10620.3 ; 124 ; 0.09 ; 0.2664782 ; 0.2636579 ; 0.3644
10636.6 ; 125 ; 0.09 ; 0.2664502 ; 0.2636427 ; 0.3614
10652.3 ; 126 ; 0.08 ; 0.2662546 ; 0.2634708 ; 0.3622
10667.8 ; 127 ; 0.09 ; 0.2660756 ; 0.2633252 ; 0.3641
10683.4 ; 128 ; 0.04 ; 0.2660354 ; 0.2632236 ; 0.3636
10699.1 ; 129 ; 0.14 ; 0.2656277 ; 0.2628857 ; 0.3671
10714.9 ; 130 ; 0.10 ; 0.2654833 ; 0.2626980 ; 0.3675
10730.8 ; 131 ; 0.07 ; 0.2654687 ; 0.2626435 ; 0.3663
10746.7 ; 132 ; 0.04 ; 0.2653742 ; 0.2625433 ; 0.3673
10762.4 ; 133 ; 0.03 ; 0.2653452 ; 0.2625594 ; 0.3668
10777.9 ; 134 ; 0.08 ; 0.2653089 ; 0.2625007 ; 0.3672
10793.4 ; 135 ; 0.05 ; 0.2652975 ; 0.2624499 ; 0.3680
10809.2 ; 136 ; 0.03 ; 0.2652542 ; 0.2624307 ; 0.3679
10824.8 ; 137 ; 0.07 ; 0.2652223 ; 0.2623406 ; 0.3694
10840.2 ; 138 ; 0.13 ; 0.2651254 ; 0.2622784 ; 0.3662
10855.6 ; 139 ; 0.08 ; 0.2650390 ; 0.2621277 ; 0.3687
10871.1 ; 140 ; 0.09 ; 0.2648804 ; 0.2619664 ; 0.3701
10886.5 ; 141 ; 0.11 ; 0.2648391 ; 0.2619241 ; 0.3707
10902.6 ; 142 ; 0.06 ; 0.2647575 ; 0.2617976 ; 0.3704
10918.3 ; 143 ; 0.08 ; 0.2646153 ; 0.2615950 ; 0.3710
10933.9 ; 144 ; 0.12 ; 0.2644261 ; 0.2613748 ; 0.3745
10949.9 ; 145 ; 0.08 ; 0.2644981 ; 0.2614814 ; 0.3722
10966.0 ; 146 ; 0.08 ; 0.2643697 ; 0.2613198 ; 0.3724
10981.8 ; 147 ; 0.07 ; 0.2643238 ; 0.2612576 ; 0.3706
10997.6 ; 148 ; 0.09 ; 0.2642871 ; 0.2611370 ; 0.3733
11013.5 ; 149 ; 0.10 ; 0.2641423 ; 0.2610191 ; 0.3745
11029.6 ; 150 ; 0.14 ; 0.2640374 ; 0.2608198 ; 0.3721
11045.5 ; 151 ; 0.10 ; 0.2639789 ; 0.2607174 ; 0.3749
11061.6 ; 152 ; 0.09 ; 0.2638610 ; 0.2605757 ; 0.3757
11077.7 ; 153 ; 0.09 ; 0.2635922 ; 0.2603861 ; 0.3760
11093.6 ; 154 ; 0.09 ; 0.2635028 ; 0.2603026 ; 0.3762
11109.8 ; 155 ; 0.05 ; 0.2634168 ; 0.2602122 ; 0.3775
11126.1 ; 156 ; 0.12 ; 0.2632886 ; 0.2601462 ; 0.3775
11142.0 ; 157 ; 0.08 ; 0.2632001 ; 0.2600682 ; 0.3779
11157.8 ; 158 ; 0.10 ; 0.2629870 ; 0.2598910 ; 0.3786
11173.4 ; 159 ; 0.07 ; 0.2628017 ; 0.2597277 ; 0.3791
11188.9 ; 160 ; 0.07 ; 0.2628134 ; 0.2597856 ; 0.3792
11204.6 ; 161 ; 0.09 ; 0.2628021 ; 0.2597756 ; 0.3765
11220.2 ; 162 ; 0.03 ; 0.2627569 ; 0.2597079 ; 0.3766
11235.9 ; 163 ; 0.10 ; 0.2625357 ; 0.2594091 ; 0.3810
11251.8 ; 164 ; 0.14 ; 0.2623900 ; 0.2593131 ; 0.3804
11267.3 ; 165 ; 0.04 ; 0.2623171 ; 0.2591975 ; 0.3805
11283.0 ; 166 ; 0.05 ; 0.2622625 ; 0.2591488 ; 0.3815
11298.8 ; 167 ; 0.07 ; 0.2620817 ; 0.2589731 ; 0.3811
11314.7 ; 168 ; 0.07 ; 0.2620693 ; 0.2589912 ; 0.3804
11330.5 ; 169 ; 0.11 ; 0.2619110 ; 0.2588393 ; 0.3788
11346.2 ; 170 ; 0.06 ; 0.2619585 ; 0.2588541 ; 0.3801
11361.6 ; 171 ; 0.10 ; 0.2619283 ; 0.2588871 ; 0.3798
11377.3 ; 172 ; 0.10 ; 0.2618909 ; 0.2588293 ; 0.3809
11392.8 ; 173 ; 0.10 ; 0.2618722 ; 0.2587985 ; 0.3817
11408.7 ; 174 ; 0.08 ; 0.2618042 ; 0.2587287 ; 0.3802
11424.5 ; 175 ; 0.07 ; 0.2616498 ; 0.2585509 ; 0.3829
11440.1 ; 176 ; 0.06 ; 0.2615453 ; 0.2583822 ; 0.3832
11456.1 ; 177 ; 0.08 ; 0.2614734 ; 0.2582553 ; 0.3836
11472.0 ; 178 ; 0.13 ; 0.2613025 ; 0.2581335 ; 0.3831
11487.7 ; 179 ; 0.04 ; 0.2611785 ; 0.2580170 ; 0.3837
11503.5 ; 180 ; 0.13 ; 0.2609563 ; 0.2578280 ; 0.3841
11519.6 ; 181 ; 0.06 ; 0.2609960 ; 0.2578164 ; 0.3856
11536.1 ; 182 ; 0.03 ; 0.2609122 ; 0.2577457 ; 0.3857
11551.9 ; 183 ; 0.08 ; 0.2608255 ; 0.2576163 ; 0.3863
11568.0 ; 184 ; 0.05 ; 0.2607367 ; 0.2575207 ; 0.3837
11584.2 ; 185 ; 0.04 ; 0.2607388 ; 0.2575108 ; 0.3836
11599.8 ; 186 ; 0.07 ; 0.2606638 ; 0.2574706 ; 0.3841
11615.6 ; 187 ; 0.06 ; 0.2606784 ; 0.2574853 ; 0.3848
11631.8 ; 188 ; 0.09 ; 0.2604899 ; 0.2572421 ; 0.3855
11647.4 ; 189 ; 0.10 ; 0.2603300 ; 0.2570902 ; 0.3865
11662.9 ; 190 ; 0.05 ; 0.2603403 ; 0.2571520 ; 0.3848
11678.7 ; 191 ; 0.06 ; 0.2602861 ; 0.2570603 ; 0.3839
11694.7 ; 192 ; 0.06 ; 0.2600992 ; 0.2568991 ; 0.3848
11710.4 ; 193 ; 0.08 ; 0.2599564 ; 0.2567101 ; 0.3860
11726.2 ; 194 ; 0.07 ; 0.2600512 ; 0.2568075 ; 0.3840
11742.0 ; 195 ; 0.05 ; 0.2599887 ; 0.2567347 ; 0.3861
sigma=0.0010000000000000002
11757.8 ; 196 ; 0.00 ; 0.2599887 ; 0.2567347 ; 0.3861
11774.0 ; 197 ; 0.39 ; 0.2599198 ; 0.2566644 ; 0.3859
11790.2 ; 198 ; 0.35 ; 0.2598116 ; 0.2565687 ; 0.3866
11806.1 ; 199 ; 0.32 ; 0.2598006 ; 0.2565461 ; 0.3872
11836.0 ; 201 ; 0.44 ; 0.2596874 ; 0.2564303 ; 0.3877
11851.7 ; 202 ; 0.40 ; 0.2596335 ; 0.2563794 ; 0.3887
11867.3 ; 203 ; 0.37 ; 0.2595935 ; 0.2563490 ; 0.3885
11882.9 ; 204 ; 0.34 ; 0.2595448 ; 0.2562843 ; 0.3881
11898.3 ; 205 ; 0.37 ; 0.2594892 ; 0.2562285 ; 0.3892
11914.5 ; 206 ; 0.41 ; 0.2594689 ; 0.2561973 ; 0.3890
11930.6 ; 207 ; 0.30 ; 0.2594470 ; 0.2561739 ; 0.3893
11946.6 ; 208 ; 0.40 ; 0.2593979 ; 0.2561551 ; 0.3904
11962.1 ; 209 ; 0.34 ; 0.2593976 ; 0.2561406 ; 0.3898
11978.0 ; 210 ; 0.42 ; 0.2593370 ; 0.2560751 ; 0.3906
11994.0 ; 211 ; 0.25 ; 0.2593275 ; 0.2560626 ; 0.3910
12009.8 ; 212 ; 0.35 ; 0.2593283 ; 0.2560695 ; 0.3910
12025.6 ; 213 ; 0.28 ; 0.2592716 ; 0.2559995 ; 0.3909
12041.6 ; 214 ; 0.32 ; 0.2592210 ; 0.2559526 ; 0.3907
12057.5 ; 215 ; 0.41 ; 0.2591827 ; 0.2559109 ; 0.3911
12073.5 ; 216 ; 0.25 ; 0.2591485 ; 0.2558687 ; 0.3911
12089.3 ; 217 ; 0.36 ; 0.2591252 ; 0.2558549 ; 0.3915
12104.8 ; 218 ; 0.28 ; 0.2590794 ; 0.2558008 ; 0.3911
12120.2 ; 219 ; 0.32 ; 0.2590598 ; 0.2557770 ; 0.3907
12135.6 ; 220 ; 0.37 ; 0.2590498 ; 0.2557751 ; 0.3920
12150.9 ; 221 ; 0.41 ; 0.2589565 ; 0.2556866 ; 0.3916
12166.9 ; 222 ; 0.39 ; 0.2589687 ; 0.2556796 ; 0.3915
12183.1 ; 223 ; 0.37 ; 0.2589255 ; 0.2556180 ; 0.3916
12198.8 ; 224 ; 0.27 ; 0.2588883 ; 0.2555875 ; 0.3918
12214.2 ; 225 ; 0.37 ; 0.2588869 ; 0.2555893 ; 0.3924
12229.7 ; 226 ; 0.33 ; 0.2588259 ; 0.2555397 ; 0.3917
12245.2 ; 227 ; 0.43 ; 0.2587803 ; 0.2554881 ; 0.3915
12260.5 ; 228 ; 0.32 ; 0.2587599 ; 0.2554653 ; 0.3917
12276.0 ; 229 ; 0.34 ; 0.2587384 ; 0.2554581 ; 0.3923
12291.3 ; 230 ; 0.35 ; 0.2587193 ; 0.2554355 ; 0.3920
12307.0 ; 231 ; 0.32 ; 0.2586544 ; 0.2553510 ; 0.3924
12323.0 ; 232 ; 0.30 ; 0.2586098 ; 0.2553129 ; 0.3928
12338.6 ; 233 ; 0.35 ; 0.2585803 ; 0.2552682 ; 0.3924
12354.2 ; 234 ; 0.34 ; 0.2585911 ; 0.2552667 ; 0.3923
12370.1 ; 235 ; 0.46 ; 0.2585310 ; 0.2552390 ; 0.3929
12386.1 ; 236 ; 0.32 ; 0.2584971 ; 0.2551988 ; 0.3915
12401.8 ; 237 ; 0.35 ; 0.2584532 ; 0.2551737 ; 0.3929
12417.7 ; 238 ; 0.39 ; 0.2584443 ; 0.2551688 ; 0.3925
12433.5 ; 239 ; 0.30 ; 0.2583940 ; 0.2551316 ; 0.3927
12449.4 ; 240 ; 0.34 ; 0.2583747 ; 0.2550997 ; 0.3921
12465.4 ; 241 ; 0.29 ; 0.2583250 ; 0.2550587 ; 0.3927
12481.1 ; 242 ; 0.31 ; 0.2583160 ; 0.2550413 ; 0.3928
12497.1 ; 243 ; 0.32 ; 0.2583128 ; 0.2550305 ; 0.3928
12512.5 ; 244 ; 0.30 ; 0.2582826 ; 0.2549948 ; 0.3923
12528.2 ; 245 ; 0.28 ; 0.2582329 ; 0.2549458 ; 0.3930
12543.5 ; 246 ; 0.34 ; 0.2582053 ; 0.2549265 ; 0.3932
12559.0 ; 247 ; 0.33 ; 0.2581777 ; 0.2548875 ; 0.3937
12574.7 ; 248 ; 0.37 ; 0.2581506 ; 0.2548642 ; 0.3936
12590.6 ; 249 ; 0.38 ; 0.2581193 ; 0.2548272 ; 0.3937
12606.3 ; 250 ; 0.34 ; 0.2581360 ; 0.2548603 ; 0.3941
12621.8 ; 251 ; 0.27 ; 0.2580757 ; 0.2547812 ; 0.3949
12637.7 ; 252 ; 0.27 ; 0.2580501 ; 0.2547490 ; 0.3938
12653.7 ; 253 ; 0.36 ; 0.2579923 ; 0.2546845 ; 0.3929
12669.7 ; 254 ; 0.33 ; 0.2579553 ; 0.2546590 ; 0.3933
12685.5 ; 255 ; 0.42 ; 0.2578787 ; 0.2545878 ; 0.3923
12701.0 ; 256 ; 0.33 ; 0.2578525 ; 0.2545599 ; 0.3930
12716.8 ; 257 ; 0.30 ; 0.2578157 ; 0.2545354 ; 0.3936
12733.0 ; 258 ; 0.47 ; 0.2578234 ; 0.2545348 ; 0.3929
12749.0 ; 259 ; 0.37 ; 0.2577843 ; 0.2545050 ; 0.3938
12764.9 ; 260 ; 0.35 ; 0.2577442 ; 0.2544688 ; 0.3941
12780.3 ; 261 ; 0.44 ; 0.2576791 ; 0.2544145 ; 0.3946
12795.9 ; 262 ; 0.35 ; 0.2576492 ; 0.2543826 ; 0.3952
12812.2 ; 263 ; 0.43 ; 0.2575948 ; 0.2543172 ; 0.3941
12828.5 ; 264 ; 0.34 ; 0.2575927 ; 0.2543081 ; 0.3935
12844.7 ; 265 ; 0.35 ; 0.2575594 ; 0.2542767 ; 0.3935
12860.8 ; 266 ; 0.27 ; 0.2575691 ; 0.2542977 ; 0.3936
12876.6 ; 267 ; 0.27 ; 0.2575208 ; 0.2542361 ; 0.3945
12892.0 ; 268 ; 0.32 ; 0.2575009 ; 0.2542292 ; 0.3941
12907.4 ; 269 ; 0.29 ; 0.2574902 ; 0.2542234 ; 0.3933
12922.8 ; 270 ; 0.43 ; 0.2574337 ; 0.2541666 ; 0.3936
12938.4 ; 271 ; 0.33 ; 0.2573598 ; 0.2541074 ; 0.3939
12954.2 ; 272 ; 0.35 ; 0.2573873 ; 0.2541274 ; 0.3941
12969.8 ; 273 ; 0.29 ; 0.2573636 ; 0.2541160 ; 0.3941
12985.5 ; 274 ; 0.33 ; 0.2573029 ; 0.2540345 ; 0.3928
13001.2 ; 275 ; 0.32 ; 0.2573153 ; 0.2540437 ; 0.3938
13016.9 ; 276 ; 0.28 ; 0.2572735 ; 0.2539942 ; 0.3930
13033.0 ; 277 ; 0.26 ; 0.2572702 ; 0.2539951 ; 0.3931
13049.2 ; 278 ; 0.33 ; 0.2572318 ; 0.2539361 ; 0.3932
13064.8 ; 279 ; 0.43 ; 0.2571851 ; 0.2539044 ; 0.3940
13080.6 ; 280 ; 0.26 ; 0.2571619 ; 0.2538825 ; 0.3947
13096.2 ; 281 ; 0.36 ; 0.2571680 ; 0.2538756 ; 0.3960
13112.0 ; 282 ; 0.42 ; 0.2570996 ; 0.2538345 ; 0.3956
13127.6 ; 283 ; 0.27 ; 0.2570564 ; 0.2537783 ; 0.3950
13143.3 ; 284 ; 0.38 ; 0.2570346 ; 0.2537742 ; 0.3956
13158.8 ; 285 ; 0.30 ; 0.2569866 ; 0.2537272 ; 0.3949
13174.2 ; 286 ; 0.28 ; 0.2569933 ; 0.2537215 ; 0.3944
13189.9 ; 287 ; 0.46 ; 0.2569027 ; 0.2536367 ; 0.3948
13206.0 ; 288 ; 0.38 ; 0.2568793 ; 0.2536177 ; 0.3958
13222.4 ; 289 ; 0.29 ; 0.2568513 ; 0.2535891 ; 0.3944
13238.5 ; 290 ; 0.40 ; 0.2568353 ; 0.2535676 ; 0.3944
13254.9 ; 291 ; 0.30 ; 0.2568062 ; 0.2535407 ; 0.3953
13271.1 ; 292 ; 0.33 ; 0.2567462 ; 0.2534889 ; 0.3958
13287.0 ; 293 ; 0.30 ; 0.2567146 ; 0.2534540 ; 0.3958
13302.4 ; 294 ; 0.34 ; 0.2567161 ; 0.2534594 ; 0.3950
13318.0 ; 295 ; 0.34 ; 0.2567204 ; 0.2534778 ; 0.3958
13333.5 ; 296 ; 0.26 ; 0.2566475 ; 0.2534159 ; 0.3952
13348.9 ; 297 ; 0.33 ; 0.2566145 ; 0.2533742 ; 0.3939
13364.3 ; 298 ; 0.29 ; 0.2565989 ; 0.2533534 ; 0.3946
13379.8 ; 299 ; 0.34 ; 0.2565648 ; 0.2533427 ; 0.3935
sigma=1.0
sigma=0.1
sigma=0.010000000000000002
13409.0 ; 1 ; 0.00 ; 0.2565648 ; 0.2533427 ; 0.3935
sigma=0.0010000000000000002
13424.9 ; 2 ; 0.00 ; 0.2565648 ; 0.2533427 ; 0.3935
13441.0 ; 3 ; 0.38 ; 0.2565068 ; 0.2532674 ; 0.3934
13457.3 ; 4 ; 0.40 ; 0.2564936 ; 0.2532511 ; 0.3942
13473.0 ; 5 ; 0.31 ; 0.2564834 ; 0.2532341 ; 0.3939
13488.7 ; 6 ; 0.37 ; 0.2564483 ; 0.2532047 ; 0.3947
13504.3 ; 7 ; 0.39 ; 0.2564335 ; 0.2531886 ; 0.3951
13519.9 ; 8 ; 0.34 ; 0.2564138 ; 0.2531773 ; 0.3957
13535.6 ; 9 ; 0.29 ; 0.2563728 ; 0.2531176 ; 0.3956
13551.2 ; 10 ; 0.39 ; 0.2563489 ; 0.2530819 ; 0.3955
13567.0 ; 11 ; 0.36 ; 0.2563463 ; 0.2530746 ; 0.3955
13582.9 ; 12 ; 0.36 ; 0.2562829 ; 0.2530173 ; 0.3956
13598.5 ; 13 ; 0.34 ; 0.2562612 ; 0.2529896 ; 0.3960
13613.9 ; 14 ; 0.25 ; 0.2562447 ; 0.2529613 ; 0.3959
13629.5 ; 15 ; 0.30 ; 0.2562123 ; 0.2529344 ; 0.3965
13645.5 ; 16 ; 0.39 ; 0.2562094 ; 0.2529350 ; 0.3963
13661.3 ; 17 ; 0.32 ; 0.2561782 ; 0.2529179 ; 0.3953
13677.0 ; 18 ; 0.34 ; 0.2561160 ; 0.2528573 ; 0.3958
13692.6 ; 19 ; 0.31 ; 0.2560718 ; 0.2528165 ; 0.3967
13708.2 ; 20 ; 0.38 ; 0.2560358 ; 0.2527902 ; 0.3973
13724.0 ; 21 ; 0.33 ; 0.2560082 ; 0.2527458 ; 0.3970
13740.0 ; 22 ; 0.39 ; 0.2559889 ; 0.2527141 ; 0.3968
13755.9 ; 23 ; 0.34 ; 0.2559313 ; 0.2526697 ; 0.3969
13771.8 ; 24 ; 0.30 ; 0.2559160 ; 0.2526671 ; 0.3967
13787.4 ; 25 ; 0.33 ; 0.2558932 ; 0.2526510 ; 0.3966
13803.1 ; 26 ; 0.32 ; 0.2558704 ; 0.2526191 ; 0.3965
13818.8 ; 27 ; 0.28 ; 0.2558518 ; 0.2526224 ; 0.3976
13834.4 ; 28 ; 0.39 ; 0.2558079 ; 0.2525974 ; 0.3970
13850.1 ; 29 ; 0.33 ; 0.2558221 ; 0.2525979 ; 0.3965
13865.8 ; 30 ; 0.36 ; 0.2557877 ; 0.2525817 ; 0.3967
13881.5 ; 31 ; 0.36 ; 0.2557505 ; 0.2525395 ; 0.3970
13897.1 ; 32 ; 0.26 ; 0.2557321 ; 0.2525351 ; 0.3972
13912.8 ; 33 ; 0.34 ; 0.2556691 ; 0.2524427 ; 0.3979
13928.2 ; 34 ; 0.33 ; 0.2556422 ; 0.2524237 ; 0.3974
13944.0 ; 35 ; 0.31 ; 0.2556352 ; 0.2524196 ; 0.3981
13959.4 ; 36 ; 0.33 ; 0.2556047 ; 0.2523843 ; 0.3977
13975.2 ; 37 ; 0.30 ; 0.2556008 ; 0.2523886 ; 0.3979
13991.1 ; 38 ; 0.27 ; 0.2555953 ; 0.2523695 ; 0.3971
14006.9 ; 39 ; 0.40 ; 0.2555282 ; 0.2523106 ; 0.3970
14022.5 ; 40 ; 0.25 ; 0.2555282 ; 0.2523329 ; 0.3965
14038.1 ; 41 ; 0.35 ; 0.2554793 ; 0.2522717 ; 0.3980
14053.3 ; 42 ; 0.31 ; 0.2554386 ; 0.2522200 ; 0.3979
14069.0 ; 43 ; 0.31 ; 0.2554334 ; 0.2522311 ; 0.3985
14084.3 ; 44 ; 0.35 ; 0.2553846 ; 0.2521606 ; 0.3987
14100.2 ; 45 ; 0.39 ; 0.2553572 ; 0.2521317 ; 0.3979
14116.0 ; 46 ; 0.27 ; 0.2553705 ; 0.2521607 ; 0.3983
14131.7 ; 47 ; 0.39 ; 0.2553325 ; 0.2520919 ; 0.3984
14147.5 ; 48 ; 0.32 ; 0.2553464 ; 0.2521093 ; 0.3983
14163.5 ; 49 ; 0.33 ; 0.2553111 ; 0.2520711 ; 0.3987
14179.2 ; 50 ; 0.25 ; 0.2552789 ; 0.2520430 ; 0.3990
14194.7 ; 51 ; 0.30 ; 0.2552565 ; 0.2520250 ; 0.3993
14210.4 ; 52 ; 0.28 ; 0.2552476 ; 0.2520154 ; 0.3991
14226.3 ; 53 ; 0.38 ; 0.2552125 ; 0.2519793 ; 0.3985
14242.0 ; 54 ; 0.33 ; 0.2552000 ; 0.2519561 ; 0.3990
14257.9 ; 55 ; 0.30 ; 0.2551912 ; 0.2519586 ; 0.3990
14273.4 ; 56 ; 0.27 ; 0.2551662 ; 0.2519303 ; 0.3989
14288.7 ; 57 ; 0.31 ; 0.2551309 ; 0.2518922 ; 0.3993
14304.0 ; 58 ; 0.32 ; 0.2550898 ; 0.2518609 ; 0.3997
14320.0 ; 59 ; 0.33 ; 0.2550967 ; 0.2518465 ; 0.3998
14336.2 ; 60 ; 0.36 ; 0.2550492 ; 0.2518047 ; 0.3997
14352.0 ; 61 ; 0.27 ; 0.2550046 ; 0.2517508 ; 0.4002
14367.7 ; 62 ; 0.31 ; 0.2549987 ; 0.2517358 ; 0.3998
14384.2 ; 63 ; 0.25 ; 0.2549763 ; 0.2517261 ; 0.3998
14400.0 ; 64 ; 0.40 ; 0.2549518 ; 0.2516916 ; 0.4005
14415.4 ; 65 ; 0.32 ; 0.2549242 ; 0.2516748 ; 0.4020
14430.9 ; 66 ; 0.29 ; 0.2549090 ; 0.2516634 ; 0.4010
14446.7 ; 67 ; 0.34 ; 0.2549036 ; 0.2516632 ; 0.4007
14462.2 ; 68 ; 0.30 ; 0.2548388 ; 0.2515766 ; 0.4006
14478.0 ; 69 ; 0.34 ; 0.2548163 ; 0.2515458 ; 0.4013
14493.8 ; 70 ; 0.32 ; 0.2548030 ; 0.2515480 ; 0.4008
14509.4 ; 71 ; 0.39 ; 0.2547830 ; 0.2515274 ; 0.4005
14524.9 ; 72 ; 0.30 ; 0.2547704 ; 0.2515090 ; 0.4008
14540.8 ; 73 ; 0.37 ; 0.2547217 ; 0.2514614 ; 0.4007
14556.7 ; 74 ; 0.33 ; 0.2547209 ; 0.2514651 ; 0.4011
14572.5 ; 75 ; 0.45 ; 0.2546820 ; 0.2514111 ; 0.4017
14588.2 ; 76 ; 0.40 ; 0.2546307 ; 0.2513765 ; 0.4006
14604.1 ; 77 ; 0.34 ; 0.2545781 ; 0.2513354 ; 0.4011
14619.8 ; 78 ; 0.28 ; 0.2545666 ; 0.2513210 ; 0.4020
14635.5 ; 79 ; 0.31 ; 0.2545371 ; 0.2512958 ; 0.4015
14651.0 ; 80 ; 0.32 ; 0.2545037 ; 0.2512655 ; 0.4011
14666.7 ; 81 ; 0.36 ; 0.2544657 ; 0.2512144 ; 0.4021
14682.6 ; 82 ; 0.29 ; 0.2544458 ; 0.2512127 ; 0.4017
14698.9 ; 83 ; 0.32 ; 0.2544147 ; 0.2511866 ; 0.4010
14714.5 ; 84 ; 0.35 ; 0.2543994 ; 0.2511718 ; 0.4017
14730.3 ; 85 ; 0.30 ; 0.2543769 ; 0.2511353 ; 0.4029
14746.5 ; 86 ; 0.37 ; 0.2543467 ; 0.2511011 ; 0.4019
14762.3 ; 87 ; 0.35 ; 0.2543354 ; 0.2511110 ; 0.4023
14777.8 ; 88 ; 0.31 ; 0.2543172 ; 0.2510810 ; 0.4020
14793.8 ; 89 ; 0.29 ; 0.2542848 ; 0.2510272 ; 0.4026
14809.8 ; 90 ; 0.37 ; 0.2542627 ; 0.2510222 ; 0.4027
14825.3 ; 91 ; 0.32 ; 0.2542548 ; 0.2510161 ; 0.4042
14841.0 ; 92 ; 0.34 ; 0.2542390 ; 0.2509999 ; 0.4022
14856.9 ; 93 ; 0.23 ; 0.2542056 ; 0.2509714 ; 0.4020
14872.7 ; 94 ; 0.38 ; 0.2541819 ; 0.2509336 ; 0.4026
14888.3 ; 95 ; 0.47 ; 0.2541651 ; 0.2509473 ; 0.4023
14903.8 ; 96 ; 0.35 ; 0.2541423 ; 0.2509211 ; 0.4036
14919.4 ; 97 ; 0.27 ; 0.2541459 ; 0.2509389 ; 0.4042
14934.8 ; 98 ; 0.33 ; 0.2541403 ; 0.2509276 ; 0.4037
14950.3 ; 99 ; 0.29 ; 0.2540955 ; 0.2508646 ; 0.4038
sigma=1.0
sigma=0.1
sigma=0.010000000000000002
14979.8 ; 1 ; 0.00 ; 0.2540955 ; 0.2508646 ; 0.4038
14995.6 ; 2 ; 0.02 ; 0.2540972 ; 0.2508711 ; 0.4030
15011.7 ; 3 ; 0.05 ; 0.2540736 ; 0.2508522 ; 0.4027
sigma=0.0010000000000000002
15027.8 ; 4 ; 0.00 ; 0.2540736 ; 0.2508522 ; 0.4027
15044.1 ; 5 ; 0.36 ; 0.2540080 ; 0.2507841 ; 0.4027
15060.3 ; 6 ; 0.35 ; 0.2540047 ; 0.2507829 ; 0.4018
15076.6 ; 7 ; 0.26 ; 0.2539799 ; 0.2507405 ; 0.4024
15092.6 ; 8 ; 0.45 ; 0.2539603 ; 0.2507241 ; 0.4016
15108.2 ; 9 ; 0.31 ; 0.2539523 ; 0.2507077 ; 0.4037
15124.2 ; 10 ; 0.28 ; 0.2539290 ; 0.2507002 ; 0.4022
15140.2 ; 11 ; 0.25 ; 0.2538964 ; 0.2506652 ; 0.4028
15156.0 ; 12 ; 0.25 ; 0.2538688 ; 0.2506470 ; 0.4029
15172.0 ; 13 ; 0.34 ; 0.2538644 ; 0.2506352 ; 0.4029
15187.9 ; 14 ; 0.38 ; 0.2538047 ; 0.2505815 ; 0.4032
15203.8 ; 15 ; 0.32 ; 0.2537439 ; 0.2505093 ; 0.4031
15219.5 ; 16 ; 0.34 ; 0.2537487 ; 0.2505212 ; 0.4034
15235.8 ; 17 ; 0.31 ; 0.2537243 ; 0.2504904 ; 0.4039
15251.6 ; 18 ; 0.24 ; 0.2537065 ; 0.2504649 ; 0.4033
15267.5 ; 19 ; 0.38 ; 0.2536939 ; 0.2504736 ; 0.4038
15283.2 ; 20 ; 0.33 ; 0.2536496 ; 0.2504487 ; 0.4047
15298.9 ; 21 ; 0.38 ; 0.2536006 ; 0.2504023 ; 0.4046
15314.6 ; 22 ; 0.34 ; 0.2535745 ; 0.2503728 ; 0.4041
15330.3 ; 23 ; 0.32 ; 0.2535423 ; 0.2503333 ; 0.4056
15345.9 ; 24 ; 0.34 ; 0.2535053 ; 0.2503042 ; 0.4048
15361.5 ; 25 ; 0.31 ; 0.2534961 ; 0.2502910 ; 0.4062
15377.0 ; 26 ; 0.36 ; 0.2534777 ; 0.2502508 ; 0.4054
15393.1 ; 27 ; 0.34 ; 0.2534700 ; 0.2502624 ; 0.4053
15409.0 ; 28 ; 0.36 ; 0.2534308 ; 0.2502257 ; 0.4046
15424.4 ; 29 ; 0.28 ; 0.2534018 ; 0.2501927 ; 0.4049
15439.6 ; 30 ; 0.33 ; 0.2533726 ; 0.2501798 ; 0.4059
15454.8 ; 31 ; 0.34 ; 0.2533469 ; 0.2501507 ; 0.4042
15471.0 ; 32 ; 0.34 ; 0.2533216 ; 0.2501082 ; 0.4061
15486.7 ; 33 ; 0.34 ; 0.2533266 ; 0.2501189 ; 0.4058
15502.4 ; 34 ; 0.37 ; 0.2532924 ; 0.2500944 ; 0.4054
15518.1 ; 35 ; 0.23 ; 0.2532852 ; 0.2500846 ; 0.4058
15534.0 ; 36 ; 0.26 ; 0.2532419 ; 0.2500454 ; 0.4065
15549.8 ; 37 ; 0.23 ; 0.2532429 ; 0.2500482 ; 0.4057
15565.4 ; 38 ; 0.25 ; 0.2532357 ; 0.2500405 ; 0.4070
15581.3 ; 39 ; 0.32 ; 0.2531991 ; 0.2499977 ; 0.4075
15597.0 ; 40 ; 0.35 ; 0.2531751 ; 0.2499782 ; 0.4066
15612.7 ; 41 ; 0.35 ; 0.2531120 ; 0.2499044 ; 0.4074
15628.2 ; 42 ; 0.29 ; 0.2531328 ; 0.2499335 ; 0.4065
15643.5 ; 43 ; 0.32 ; 0.2530791 ; 0.2498616 ; 0.4066
15659.1 ; 44 ; 0.37 ; 0.2530533 ; 0.2498350 ; 0.4070
15674.5 ; 45 ; 0.37 ; 0.2530087 ; 0.2497763 ; 0.4080
15689.9 ; 46 ; 0.32 ; 0.2530020 ; 0.2497891 ; 0.4066
15706.0 ; 47 ; 0.25 ; 0.2529485 ; 0.2497306 ; 0.4073
15722.1 ; 48 ; 0.28 ; 0.2529128 ; 0.2497041 ; 0.4079
15738.1 ; 49 ; 0.26 ; 0.2528592 ; 0.2496393 ; 0.4073
15753.7 ; 50 ; 0.40 ; 0.2528488 ; 0.2496419 ; 0.4070
15769.4 ; 51 ; 0.31 ; 0.2528245 ; 0.2496053 ; 0.4070
15785.3 ; 52 ; 0.30 ; 0.2528298 ; 0.2496187 ; 0.4077
15801.1 ; 53 ; 0.35 ; 0.2527823 ; 0.2495579 ; 0.4066
15816.5 ; 54 ; 0.29 ; 0.2527548 ; 0.2495399 ; 0.4073
15832.1 ; 55 ; 0.31 ; 0.2527236 ; 0.2495110 ; 0.4076
15848.2 ; 56 ; 0.32 ; 0.2526700 ; 0.2494621 ; 0.4068
15863.8 ; 57 ; 0.30 ; 0.2526545 ; 0.2494532 ; 0.4067
15879.4 ; 58 ; 0.34 ; 0.2526325 ; 0.2494463 ; 0.4075
15895.3 ; 59 ; 0.25 ; 0.2526281 ; 0.2494380 ; 0.4077
15911.1 ; 60 ; 0.33 ; 0.2526143 ; 0.2494111 ; 0.4071
15926.9 ; 61 ; 0.30 ; 0.2525928 ; 0.2493824 ; 0.4075
15942.6 ; 62 ; 0.31 ; 0.2525615 ; 0.2493487 ; 0.4073
15958.3 ; 63 ; 0.41 ; 0.2525193 ; 0.2493099 ; 0.4078
15973.9 ; 64 ; 0.37 ; 0.2525365 ; 0.2493497 ; 0.4074
15989.4 ; 65 ; 0.33 ; 0.2525201 ; 0.2493196 ; 0.4070
16005.2 ; 66 ; 0.32 ; 0.2524779 ; 0.2492694 ; 0.4071
16020.7 ; 67 ; 0.40 ; 0.2524505 ; 0.2492493 ; 0.4074
16036.3 ; 68 ; 0.35 ; 0.2524054 ; 0.2491946 ; 0.4077
16052.1 ; 69 ; 0.33 ; 0.2523925 ; 0.2491771 ; 0.4077
16067.6 ; 70 ; 0.24 ; 0.2524046 ; 0.2491997 ; 0.4075
16083.5 ; 71 ; 0.32 ; 0.2523355 ; 0.2491349 ; 0.4073
16099.1 ; 72 ; 0.20 ; 0.2523215 ; 0.2491118 ; 0.4080
16115.4 ; 73 ; 0.29 ; 0.2523274 ; 0.2491173 ; 0.4074
16131.2 ; 74 ; 0.35 ; 0.2522691 ; 0.2490652 ; 0.4081
16146.6 ; 75 ; 0.29 ; 0.2522579 ; 0.2490632 ; 0.4082
16162.5 ; 76 ; 0.23 ; 0.2522705 ; 0.2490578 ; 0.4079
16178.4 ; 77 ; 0.31 ; 0.2522529 ; 0.2490723 ; 0.4072
16194.1 ; 78 ; 0.27 ; 0.2522460 ; 0.2490739 ; 0.4079
16210.0 ; 79 ; 0.39 ; 0.2521920 ; 0.2490223 ; 0.4076
16225.8 ; 80 ; 0.26 ; 0.2521832 ; 0.2489815 ; 0.4070
16241.4 ; 81 ; 0.29 ; 0.2522053 ; 0.2490267 ; 0.4076
16256.5 ; 82 ; 0.38 ; 0.2521624 ; 0.2489736 ; 0.4083
16272.0 ; 83 ; 0.30 ; 0.2521350 ; 0.2489271 ; 0.4086
16288.1 ; 84 ; 0.25 ; 0.2521221 ; 0.2489201 ; 0.4082
16304.1 ; 85 ; 0.35 ; 0.2520862 ; 0.2488955 ; 0.4082
16320.4 ; 86 ; 0.31 ; 0.2520592 ; 0.2488750 ; 0.4080
16336.1 ; 87 ; 0.37 ; 0.2520251 ; 0.2488357 ; 0.4079
16352.0 ; 88 ; 0.27 ; 0.2519994 ; 0.2488071 ; 0.4078
16367.7 ; 89 ; 0.24 ; 0.2519929 ; 0.2488029 ; 0.4082
16383.3 ; 90 ; 0.37 ; 0.2519658 ; 0.2487728 ; 0.4084
16398.9 ; 91 ; 0.33 ; 0.2519470 ; 0.2487491 ; 0.4077
16414.4 ; 92 ; 0.26 ; 0.2519118 ; 0.2487115 ; 0.4079
16430.0 ; 93 ; 0.39 ; 0.2518659 ; 0.2486730 ; 0.4087
16445.5 ; 94 ; 0.38 ; 0.2518677 ; 0.2486583 ; 0.4081
16461.2 ; 95 ; 0.24 ; 0.2518628 ; 0.2486435 ; 0.4085
16477.1 ; 96 ; 0.34 ; 0.2518307 ; 0.2486174 ; 0.4086
16492.9 ; 97 ; 0.29 ; 0.2518330 ; 0.2486130 ; 0.4085
16508.8 ; 98 ; 0.34 ; 0.2517965 ; 0.2486004 ; 0.4084
16524.9 ; 99 ; 0.25 ; 0.2518067 ; 0.2486189 ; 0.4075
sigma=1.0
sigma=0.1
sigma=0.010000000000000002
16554.7 ; 1 ; 0.00 ; 0.2518067 ; 0.2486189 ; 0.4075
16570.6 ; 2 ; 0.01 ; 0.2518013 ; 0.2486039 ; 0.4083
sigma=0.0010000000000000002
16586.2 ; 3 ; 0.00 ; 0.2518013 ; 0.2486039 ; 0.4083
16601.5 ; 4 ; 0.31 ; 0.2517715 ; 0.2485834 ; 0.4084
16617.7 ; 5 ; 0.27 ; 0.2517100 ; 0.2485360 ; 0.4090
16633.8 ; 6 ; 0.47 ; 0.2516787 ; 0.2484834 ; 0.4082
16650.0 ; 7 ; 0.26 ; 0.2516898 ; 0.2484917 ; 0.4098
16665.9 ; 8 ; 0.33 ; 0.2516800 ; 0.2484709 ; 0.4098
16681.8 ; 9 ; 0.28 ; 0.2516275 ; 0.2484234 ; 0.4083
16697.4 ; 10 ; 0.34 ; 0.2516024 ; 0.2484063 ; 0.4090
16713.0 ; 11 ; 0.32 ; 0.2515877 ; 0.2483890 ; 0.4088
16728.4 ; 12 ; 0.31 ; 0.2515946 ; 0.2483915 ; 0.4093
16743.9 ; 13 ; 0.28 ; 0.2515961 ; 0.2484092 ; 0.4088
16759.7 ; 14 ; 0.28 ; 0.2515532 ; 0.2483495 ; 0.4092
16775.7 ; 15 ; 0.27 ; 0.2515385 ; 0.2483461 ; 0.4098
16791.9 ; 16 ; 0.26 ; 0.2514992 ; 0.2483084 ; 0.4095
16808.2 ; 17 ; 0.32 ; 0.2514918 ; 0.2483048 ; 0.4099
16824.1 ; 18 ; 0.34 ; 0.2514915 ; 0.2483115 ; 0.4096
16839.7 ; 19 ; 0.31 ; 0.2515021 ; 0.2483242 ; 0.4094
16855.3 ; 20 ; 0.27 ; 0.2514608 ; 0.2482941 ; 0.4100
16871.5 ; 21 ; 0.35 ; 0.2514104 ; 0.2482448 ; 0.4107
16887.2 ; 22 ; 0.33 ; 0.2514117 ; 0.2482536 ; 0.4101
16902.5 ; 23 ; 0.23 ; 0.2513711 ; 0.2481981 ; 0.4106
16918.2 ; 24 ; 0.25 ; 0.2513588 ; 0.2481979 ; 0.4102
16934.0 ; 25 ; 0.29 ; 0.2513452 ; 0.2481984 ; 0.4105
16950.0 ; 26 ; 0.46 ; 0.2513275 ; 0.2481753 ; 0.4100
16965.7 ; 27 ; 0.33 ; 0.2512959 ; 0.2481339 ; 0.4094
16981.4 ; 28 ; 0.27 ; 0.2513023 ; 0.2481588 ; 0.4099
16997.4 ; 29 ; 0.25 ; 0.2512717 ; 0.2481291 ; 0.4104
17013.2 ; 30 ; 0.33 ; 0.2512472 ; 0.2481194 ; 0.4101
17029.0 ; 31 ; 0.19 ; 0.2512393 ; 0.2481133 ; 0.4107
17044.7 ; 32 ; 0.26 ; 0.2512214 ; 0.2480922 ; 0.4104
17060.4 ; 33 ; 0.34 ; 0.2512054 ; 0.2480642 ; 0.4104
17076.2 ; 34 ; 0.28 ; 0.2511599 ; 0.2479996 ; 0.4098
17091.8 ; 35 ; 0.35 ; 0.2511299 ; 0.2479584 ; 0.4101
17107.7 ; 36 ; 0.37 ; 0.2511269 ; 0.2479555 ; 0.4094
17123.4 ; 37 ; 0.27 ; 0.2510979 ; 0.2479248 ; 0.4102
17139.1 ; 38 ; 0.26 ; 0.2510949 ; 0.2479348 ; 0.4105
17154.7 ; 39 ; 0.33 ; 0.2510429 ; 0.2478957 ; 0.4100
17170.3 ; 40 ; 0.27 ; 0.2510093 ; 0.2478417 ; 0.4103
17186.2 ; 41 ; 0.35 ; 0.2509755 ; 0.2478082 ; 0.4109
17202.1 ; 42 ; 0.29 ; 0.2509599 ; 0.2477962 ; 0.4106
17218.0 ; 43 ; 0.23 ; 0.2509724 ; 0.2478149 ; 0.4107
17233.9 ; 44 ; 0.38 ; 0.2509431 ; 0.2477745 ; 0.4110
17249.8 ; 45 ; 0.29 ; 0.2509138 ; 0.2477435 ; 0.4108
17265.5 ; 46 ; 0.35 ; 0.2508991 ; 0.2477086 ; 0.4108
17280.9 ; 47 ; 0.28 ; 0.2508739 ; 0.2477005 ; 0.4106
17296.4 ; 48 ; 0.30 ; 0.2508779 ; 0.2476899 ; 0.4108
17311.8 ; 49 ; 0.35 ; 0.2508917 ; 0.2477010 ; 0.4106
17327.2 ; 50 ; 0.30 ; 0.2508529 ; 0.2476707 ; 0.4093
17342.7 ; 51 ; 0.32 ; 0.2508270 ; 0.2476288 ; 0.4107
17358.3 ; 52 ; 0.33 ; 0.2507968 ; 0.2476088 ; 0.4101
17374.2 ; 53 ; 0.33 ; 0.2508107 ; 0.2476241 ; 0.4108
17390.3 ; 54 ; 0.27 ; 0.2507650 ; 0.2475857 ; 0.4107
17406.1 ; 55 ; 0.31 ; 0.2507297 ; 0.2475542 ; 0.4105
17422.1 ; 56 ; 0.31 ; 0.2507328 ; 0.2475769 ; 0.4112
17437.6 ; 57 ; 0.24 ; 0.2507347 ; 0.2475800 ; 0.4105
17453.6 ; 58 ; 0.36 ; 0.2507248 ; 0.2475744 ; 0.4111
17468.9 ; 59 ; 0.37 ; 0.2506956 ; 0.2475559 ; 0.4107
17484.3 ; 60 ; 0.40 ; 0.2506808 ; 0.2475457 ; 0.4110
17500.2 ; 61 ; 0.32 ; 0.2506574 ; 0.2475095 ; 0.4110
17516.1 ; 62 ; 0.34 ; 0.2506492 ; 0.2474946 ; 0.4110
17532.0 ; 63 ; 0.37 ; 0.2506117 ; 0.2474547 ; 0.4116
17547.7 ; 64 ; 0.23 ; 0.2506172 ; 0.2474669 ; 0.4105
17563.2 ; 65 ; 0.33 ; 0.2506041 ; 0.2474454 ; 0.4110
17579.6 ; 66 ; 0.30 ; 0.2506170 ; 0.2474586 ; 0.4109
17595.9 ; 67 ; 0.28 ; 0.2505743 ; 0.2474045 ; 0.4109
17611.9 ; 68 ; 0.39 ; 0.2505240 ; 0.2473426 ; 0.4115
17627.5 ; 69 ; 0.30 ; 0.2505199 ; 0.2473578 ; 0.4107
17643.3 ; 70 ; 0.33 ; 0.2505068 ; 0.2473419 ; 0.4111
17659.2 ; 71 ; 0.31 ; 0.2504443 ; 0.2472867 ; 0.4111
17675.0 ; 72 ; 0.26 ; 0.2504626 ; 0.2473218 ; 0.4107
17690.5 ; 73 ; 0.30 ; 0.2504237 ; 0.2472842 ; 0.4117
17705.9 ; 74 ; 0.26 ; 0.2504284 ; 0.2473013 ; 0.4118
17721.3 ; 75 ; 0.32 ; 0.2504149 ; 0.2472789 ; 0.4118
17737.2 ; 76 ; 0.31 ; 0.2503568 ; 0.2472333 ; 0.4113
17752.9 ; 77 ; 0.39 ; 0.2503466 ; 0.2472230 ; 0.4113
17768.7 ; 78 ; 0.32 ; 0.2503311 ; 0.2472074 ; 0.4118
17784.5 ; 79 ; 0.30 ; 0.2503416 ; 0.2472311 ; 0.4111
17800.2 ; 80 ; 0.32 ; 0.2503146 ; 0.2471887 ; 0.4104
17815.7 ; 81 ; 0.32 ; 0.2503166 ; 0.2472105 ; 0.4109
17831.2 ; 82 ; 0.20 ; 0.2502810 ; 0.2471879 ; 0.4108
17846.6 ; 83 ; 0.25 ; 0.2502865 ; 0.2471999 ; 0.4106
17862.2 ; 84 ; 0.31 ; 0.2502338 ; 0.2471353 ; 0.4111
17877.4 ; 85 ; 0.28 ; 0.2502373 ; 0.2471139 ; 0.4113
17893.3 ; 86 ; 0.30 ; 0.2502303 ; 0.2471284 ; 0.4115
17909.3 ; 87 ; 0.24 ; 0.2502110 ; 0.2471152 ; 0.4127
17925.2 ; 88 ; 0.26 ; 0.2502122 ; 0.2471199 ; 0.4118
17940.8 ; 89 ; 0.31 ; 0.2501976 ; 0.2470804 ; 0.4113
17956.9 ; 90 ; 0.37 ; 0.2501391 ; 0.2470294 ; 0.4109
17972.7 ; 91 ; 0.29 ; 0.2501198 ; 0.2470083 ; 0.4117
17988.5 ; 92 ; 0.31 ; 0.2501042 ; 0.2470088 ; 0.4117
18004.4 ; 93 ; 0.29 ; 0.2501108 ; 0.2470303 ; 0.4107
18020.4 ; 94 ; 0.38 ; 0.2500686 ; 0.2469621 ; 0.4120
18036.2 ; 95 ; 0.39 ; 0.2500473 ; 0.2469547 ; 0.4124
18052.0 ; 96 ; 0.31 ; 0.2500142 ; 0.2469242 ; 0.4122
18068.2 ; 97 ; 0.24 ; 0.2499916 ; 0.2468926 ; 0.4120
18084.0 ; 98 ; 0.35 ; 0.2499770 ; 0.2468814 ; 0.4124
18099.5 ; 99 ; 0.27 ; 0.2499729 ; 0.2468699 ; 0.4116
sigma=1.0
sigma=0.1
18129.9 ; 1 ; 0.02 ; 0.3438043 ; 0.3418128 ; 0.1000
18146.0 ; 2 ; 0.02 ; 0.3434075 ; 0.3416180 ; 0.1000
18162.3 ; 3 ; 0.01 ; 0.3425217 ; 0.3407221 ; 0.1000
18178.3 ; 4 ; 0.02 ; 0.3422310 ; 0.3404945 ; 0.1000
sigma=0.010000000000000002
18194.1 ; 5 ; 0.00 ; 0.3422310 ; 0.3404945 ; 0.1000
18209.9 ; 6 ; 0.22 ; 0.3416475 ; 0.3397430 ; 0.1000
18226.0 ; 7 ; 0.27 ; 0.3409432 ; 0.3389993 ; 0.1000
18242.1 ; 8 ; 0.20 ; 0.3406332 ; 0.3386834 ; 0.1000
18257.8 ; 9 ; 0.10 ; 0.3402827 ; 0.3383601 ; 0.1000
18273.5 ; 10 ; 0.18 ; 0.3398672 ; 0.3380701 ; 0.1000
18289.4 ; 11 ; 0.14 ; 0.3396602 ; 0.3377630 ; 0.1000
18305.7 ; 12 ; 0.13 ; 0.3394506 ; 0.3375690 ; 0.1000
18321.8 ; 13 ; 0.13 ; 0.3391607 ; 0.3373385 ; 0.1000
18337.9 ; 14 ; 0.17 ; 0.3389444 ; 0.3370840 ; 0.1000
18354.2 ; 15 ; 0.16 ; 0.3386397 ; 0.3366740 ; 0.1000
18370.5 ; 16 ; 0.18 ; 0.3383886 ; 0.3364915 ; 0.1000
18386.5 ; 17 ; 0.29 ; 0.3372364 ; 0.3353170 ; 0.1001
18402.5 ; 18 ; 0.34 ; 0.3318722 ; 0.3299261 ; 0.1042
18418.7 ; 19 ; 0.45 ; 0.3236091 ; 0.3213251 ; 0.1163
18435.2 ; 20 ; 0.35 ; 0.3209210 ; 0.3188456 ; 0.1210
18451.3 ; 21 ; 0.29 ; 0.3195699 ; 0.3176995 ; 0.1229
18467.4 ; 22 ; 0.17 ; 0.3189461 ; 0.3168430 ; 0.1234
18484.1 ; 23 ; 0.20 ; 0.3184428 ; 0.3164397 ; 0.1239
18500.4 ; 24 ; 0.24 ; 0.3178324 ; 0.3158203 ; 0.1259
18516.6 ; 25 ; 0.15 ; 0.3174388 ; 0.3154126 ; 0.1269
18532.5 ; 26 ; 0.16 ; 0.3170149 ; 0.3149218 ; 0.1291
18548.4 ; 27 ; 0.23 ; 0.3166214 ; 0.3146535 ; 0.1290
18564.3 ; 28 ; 0.19 ; 0.3161587 ; 0.3141255 ; 0.1295
18580.3 ; 29 ; 0.15 ; 0.3160824 ; 0.3141300 ; 0.1321
18596.0 ; 30 ; 0.15 ; 0.3154759 ; 0.3134216 ; 0.1323
18611.8 ; 31 ; 0.11 ; 0.3151137 ; 0.3129899 ; 0.1334
18627.5 ; 32 ; 0.16 ; 0.3147344 ; 0.3127409 ; 0.1332
18643.5 ; 33 ; 0.16 ; 0.3143751 ; 0.3125174 ; 0.1323
18659.5 ; 34 ; 0.20 ; 0.3138506 ; 0.3119891 ; 0.1347
18676.0 ; 35 ; 0.15 ; 0.3135551 ; 0.3117185 ; 0.1352
18692.3 ; 36 ; 0.17 ; 0.3130368 ; 0.3111599 ; 0.1362
18708.3 ; 37 ; 0.18 ; 0.3126134 ; 0.3107383 ; 0.1378
18725.1 ; 38 ; 0.26 ; 0.3105773 ; 0.3084635 ; 0.1445
18741.5 ; 39 ; 0.35 ; 0.3056406 ; 0.3034289 ; 0.1766
18757.5 ; 40 ; 0.29 ; 0.3034390 ; 0.3009776 ; 0.1819
18774.0 ; 41 ; 0.26 ; 0.3021239 ; 0.2998185 ; 0.1861
18790.3 ; 42 ; 0.22 ; 0.3013446 ; 0.2989097 ; 0.1874
18806.8 ; 43 ; 0.24 ; 0.3002801 ; 0.2980815 ; 0.1873
18823.3 ; 44 ; 0.20 ; 0.2994482 ; 0.2971480 ; 0.1903
18839.9 ; 45 ; 0.20 ; 0.2987459 ; 0.2966727 ; 0.1925
18856.5 ; 46 ; 0.19 ; 0.2981838 ; 0.2960829 ; 0.1944
18872.6 ; 47 ; 0.08 ; 0.2978051 ; 0.2958130 ; 0.1944
18888.9 ; 48 ; 0.19 ; 0.2974981 ; 0.2955158 ; 0.1984
18905.0 ; 49 ; 0.14 ; 0.2966956 ; 0.2948573 ; 0.1982
18921.3 ; 50 ; 0.16 ; 0.2962150 ; 0.2942714 ; 0.1994
18937.3 ; 51 ; 0.14 ; 0.2958875 ; 0.2940248 ; 0.2016
18953.3 ; 52 ; 0.15 ; 0.2950886 ; 0.2932843 ; 0.2028
18969.3 ; 53 ; 0.14 ; 0.2949902 ; 0.2931451 ; 0.2033
18985.4 ; 54 ; 0.11 ; 0.2943740 ; 0.2925286 ; 0.2044
19001.3 ; 55 ; 0.13 ; 0.2941252 ; 0.2923632 ; 0.2044
19017.2 ; 56 ; 0.08 ; 0.2938428 ; 0.2920097 ; 0.2027
19033.3 ; 57 ; 0.13 ; 0.2935227 ; 0.2918031 ; 0.2035
19049.7 ; 58 ; 0.10 ; 0.2933215 ; 0.2916884 ; 0.2049
19066.1 ; 59 ; 0.15 ; 0.2929613 ; 0.2912791 ; 0.2058
19082.3 ; 60 ; 0.11 ; 0.2927021 ; 0.2910148 ; 0.2062
19098.1 ; 61 ; 0.13 ; 0.2924343 ; 0.2906827 ; 0.2081
19114.2 ; 62 ; 0.08 ; 0.2924218 ; 0.2907060 ; 0.2080
19130.4 ; 63 ; 0.10 ; 0.2920203 ; 0.2903171 ; 0.2081
19146.7 ; 64 ; 0.14 ; 0.2915977 ; 0.2898477 ; 0.2098
19162.8 ; 65 ; 0.10 ; 0.2915255 ; 0.2898608 ; 0.2093
19178.3 ; 66 ; 0.14 ; 0.2913029 ; 0.2896335 ; 0.2119
19193.8 ; 67 ; 0.17 ; 0.2909264 ; 0.2891147 ; 0.2118
19209.6 ; 68 ; 0.09 ; 0.2907511 ; 0.2890033 ; 0.2123
19225.3 ; 69 ; 0.11 ; 0.2905966 ; 0.2888100 ; 0.2107
19241.1 ; 70 ; 0.08 ; 0.2904843 ; 0.2886679 ; 0.2132
19257.1 ; 71 ; 0.08 ; 0.2902053 ; 0.2884050 ; 0.2118
19272.7 ; 72 ; 0.05 ; 0.2901304 ; 0.2882066 ; 0.2134
19288.5 ; 73 ; 0.06 ; 0.2900185 ; 0.2881798 ; 0.2126
19304.1 ; 74 ; 0.09 ; 0.2898530 ; 0.2880441 ; 0.2121
19319.7 ; 75 ; 0.07 ; 0.2897418 ; 0.2879062 ; 0.2125
19336.2 ; 76 ; 0.06 ; 0.2896278 ; 0.2877572 ; 0.2144
19352.8 ; 77 ; 0.05 ; 0.2895179 ; 0.2877499 ; 0.2131
19368.5 ; 78 ; 0.09 ; 0.2893594 ; 0.2875005 ; 0.2144
19384.1 ; 79 ; 0.11 ; 0.2891837 ; 0.2873407 ; 0.2146
19400.0 ; 80 ; 0.05 ; 0.2891870 ; 0.2874033 ; 0.2143
19415.9 ; 81 ; 0.04 ; 0.2890226 ; 0.2873097 ; 0.2138
19431.8 ; 82 ; 0.07 ; 0.2889982 ; 0.2872688 ; 0.2143
19448.2 ; 83 ; 0.08 ; 0.2887307 ; 0.2870095 ; 0.2145
19464.2 ; 84 ; 0.16 ; 0.2884112 ; 0.2866871 ; 0.2135
19480.4 ; 85 ; 0.05 ; 0.2882662 ; 0.2865708 ; 0.2146
19496.5 ; 86 ; 0.07 ; 0.2882097 ; 0.2865779 ; 0.2145
19512.3 ; 87 ; 0.02 ; 0.2881915 ; 0.2865234 ; 0.2154
19527.9 ; 88 ; 0.02 ; 0.2881581 ; 0.2864614 ; 0.2154
19543.6 ; 89 ; 0.03 ; 0.2880805 ; 0.2863776 ; 0.2153
19559.5 ; 90 ; 0.07 ; 0.2880514 ; 0.2863360 ; 0.2154
19575.2 ; 91 ; 0.10 ; 0.2878741 ; 0.2861993 ; 0.2161
19591.2 ; 92 ; 0.07 ; 0.2877430 ; 0.2860788 ; 0.2161
19607.3 ; 93 ; 0.03 ; 0.2876688 ; 0.2860120 ; 0.2163
19623.2 ; 94 ; 0.01 ; 0.2877238 ; 0.2860833 ; 0.2171
19639.2 ; 95 ; 0.05 ; 0.2877122 ; 0.2860451 ; 0.2155
19655.3 ; 96 ; 0.11 ; 0.2876350 ; 0.2860701 ; 0.2175
19671.5 ; 97 ; 0.05 ; 0.2874789 ; 0.2858899 ; 0.2174
19687.6 ; 98 ; 0.11 ; 0.2872672 ; 0.2856363 ; 0.2182
19703.9 ; 99 ; 0.02 ; 0.2872517 ; 0.2855764 ; 0.2191
19719.9 ; 100 ; 0.07 ; 0.2871536 ; 0.2854837 ; 0.2174
19735.9 ; 101 ; 0.06 ; 0.2871302 ; 0.2854439 ; 0.2180
19751.7 ; 102 ; 0.05 ; 0.2869926 ; 0.2852877 ; 0.2186
19767.7 ; 103 ; 0.06 ; 0.2870350 ; 0.2853475 ; 0.2194
19783.8 ; 104 ; 0.06 ; 0.2869993 ; 0.2852967 ; 0.2206
19799.7 ; 105 ; 0.10 ; 0.2867766 ; 0.2851028 ; 0.2186
19815.9 ; 106 ; 0.07 ; 0.2868075 ; 0.2850113 ; 0.2198
19832.0 ; 107 ; 0.09 ; 0.2866287 ; 0.2850151 ; 0.2183
19847.6 ; 108 ; 0.08 ; 0.2864985 ; 0.2849101 ; 0.2197
19863.2 ; 109 ; 0.01 ; 0.2864349 ; 0.2848498 ; 0.2193
19879.0 ; 110 ; 0.03 ; 0.2863009 ; 0.2847613 ; 0.2204
19894.9 ; 111 ; 0.09 ; 0.2862745 ; 0.2847175 ; 0.2200
19910.8 ; 112 ; 0.03 ; 0.2862152 ; 0.2845869 ; 0.2208
19926.5 ; 113 ; 0.04 ; 0.2861188 ; 0.2844659 ; 0.2202
19942.4 ; 114 ; 0.01 ; 0.2861180 ; 0.2844484 ; 0.2193
19958.0 ; 115 ; 0.05 ; 0.2859868 ; 0.2844106 ; 0.2198
19973.4 ; 116 ; 0.09 ; 0.2858293 ; 0.2842143 ; 0.2212
19989.3 ; 117 ; 0.01 ; 0.2857933 ; 0.2841714 ; 0.2205
20005.1 ; 118 ; 0.07 ; 0.2857814 ; 0.2841301 ; 0.2211
20021.1 ; 119 ; 0.01 ; 0.2857709 ; 0.2841096 ; 0.2218
sigma=0.0010000000000000002
20037.1 ; 120 ; 0.00 ; 0.2857709 ; 0.2841096 ; 0.2218
20053.3 ; 121 ; 0.36 ; 0.2857267 ; 0.2840852 ; 0.2214
20069.1 ; 122 ; 0.32 ; 0.2856820 ; 0.2840419 ; 0.2219
20084.8 ; 123 ; 0.40 ; 0.2856146 ; 0.2839855 ; 0.2212
20100.5 ; 124 ; 0.42 ; 0.2856030 ; 0.2840114 ; 0.2217
20116.1 ; 125 ; 0.32 ; 0.2855325 ; 0.2839369 ; 0.2221
20131.6 ; 126 ; 0.27 ; 0.2855123 ; 0.2839160 ; 0.2219
20147.1 ; 127 ; 0.31 ; 0.2854684 ; 0.2838637 ; 0.2227
20162.9 ; 128 ; 0.35 ; 0.2854284 ; 0.2838279 ; 0.2228
20178.9 ; 129 ; 0.38 ; 0.2853693 ; 0.2837601 ; 0.2231
20194.8 ; 130 ; 0.35 ; 0.2853090 ; 0.2837226 ; 0.2237
20210.8 ; 131 ; 0.28 ; 0.2853274 ; 0.2837386 ; 0.2236
20226.6 ; 132 ; 0.30 ; 0.2852505 ; 0.2836648 ; 0.2233
20242.7 ; 133 ; 0.39 ; 0.2852363 ; 0.2836460 ; 0.2234
20258.9 ; 134 ; 0.39 ; 0.2851860 ; 0.2835778 ; 0.2241
20274.6 ; 135 ; 0.32 ; 0.2851891 ; 0.2835791 ; 0.2244
20290.2 ; 136 ; 0.38 ; 0.2851302 ; 0.2835152 ; 0.2240
20305.8 ; 137 ; 0.27 ; 0.2850843 ; 0.2834603 ; 0.2243
20321.4 ; 138 ; 0.27 ; 0.2850574 ; 0.2834377 ; 0.2243
20337.4 ; 139 ; 0.37 ; 0.2850612 ; 0.2834547 ; 0.2236
20353.7 ; 140 ; 0.35 ; 0.2849679 ; 0.2833392 ; 0.2244
20369.5 ; 141 ; 0.30 ; 0.2849654 ; 0.2833323 ; 0.2235
20385.5 ; 142 ; 0.40 ; 0.2848810 ; 0.2832735 ; 0.2237
20401.4 ; 143 ; 0.28 ; 0.2848516 ; 0.2832504 ; 0.2242
20417.2 ; 144 ; 0.32 ; 0.2848340 ; 0.2832213 ; 0.2247
20432.7 ; 145 ; 0.27 ; 0.2847970 ; 0.2831907 ; 0.2241
20448.0 ; 146 ; 0.38 ; 0.2847175 ; 0.2830924 ; 0.2256
20463.8 ; 147 ; 0.30 ; 0.2846762 ; 0.2830551 ; 0.2253
20479.2 ; 148 ; 0.38 ; 0.2846832 ; 0.2830705 ; 0.2252
20494.9 ; 149 ; 0.31 ; 0.2846238 ; 0.2830316 ; 0.2253
20510.9 ; 150 ; 0.39 ; 0.2846027 ; 0.2830171 ; 0.2257
20526.8 ; 151 ; 0.32 ; 0.2846087 ; 0.2830233 ; 0.2252
20542.8 ; 152 ; 0.34 ; 0.2845606 ; 0.2829760 ; 0.2254
20559.2 ; 153 ; 0.34 ; 0.2845292 ; 0.2829390 ; 0.2259
20575.8 ; 154 ; 0.26 ; 0.2845002 ; 0.2829081 ; 0.2254
20592.0 ; 155 ; 0.40 ; 0.2844680 ; 0.2828724 ; 0.2263
20607.5 ; 156 ; 0.29 ; 0.2844577 ; 0.2828697 ; 0.2264
20623.4 ; 157 ; 0.28 ; 0.2843809 ; 0.2827736 ; 0.2265
20639.1 ; 158 ; 0.37 ; 0.2843586 ; 0.2827369 ; 0.2261
20654.7 ; 159 ; 0.38 ; 0.2843084 ; 0.2827032 ; 0.2268
20670.3 ; 160 ; 0.30 ; 0.2842657 ; 0.2826391 ; 0.2264
20686.2 ; 161 ; 0.33 ; 0.2842401 ; 0.2826109 ; 0.2264
20701.9 ; 162 ; 0.35 ; 0.2842042 ; 0.2825578 ; 0.2264
20717.7 ; 163 ; 0.36 ; 0.2841433 ; 0.2825015 ; 0.2266
20733.7 ; 164 ; 0.27 ; 0.2841481 ; 0.2825059 ; 0.2271
20750.4 ; 165 ; 0.37 ; 0.2841013 ; 0.2824273 ; 0.2269
20766.9 ; 166 ; 0.29 ; 0.2840817 ; 0.2824088 ; 0.2267
20783.3 ; 167 ; 0.38 ; 0.2840399 ; 0.2823615 ; 0.2272
20799.2 ; 168 ; 0.36 ; 0.2840406 ; 0.2823794 ; 0.2275
20814.7 ; 169 ; 0.37 ; 0.2839957 ; 0.2823048 ; 0.2275
20830.1 ; 170 ; 0.27 ; 0.2839388 ; 0.2822562 ; 0.2279
20845.8 ; 171 ; 0.45 ; 0.2839276 ; 0.2822699 ; 0.2276
20861.4 ; 172 ; 0.37 ; 0.2838799 ; 0.2821957 ; 0.2275
20877.4 ; 173 ; 0.34 ; 0.2838328 ; 0.2821632 ; 0.2273
20893.4 ; 174 ; 0.40 ; 0.2838071 ; 0.2821483 ; 0.2282
20909.2 ; 175 ; 0.30 ; 0.2837821 ; 0.2821087 ; 0.2289
20925.3 ; 176 ; 0.28 ; 0.2837657 ; 0.2821014 ; 0.2284
20941.3 ; 177 ; 0.29 ; 0.2837121 ; 0.2820396 ; 0.2282
20957.1 ; 178 ; 0.31 ; 0.2836958 ; 0.2820456 ; 0.2280
20973.1 ; 179 ; 0.38 ; 0.2836767 ; 0.2820179 ; 0.2290
20989.0 ; 180 ; 0.35 ; 0.2836779 ; 0.2820176 ; 0.2287
21004.8 ; 181 ; 0.43 ; 0.2836112 ; 0.2819544 ; 0.2285
21020.4 ; 182 ; 0.31 ; 0.2835715 ; 0.2818808 ; 0.2290
21036.0 ; 183 ; 0.29 ; 0.2835395 ; 0.2818449 ; 0.2291
21052.0 ; 184 ; 0.38 ; 0.2835150 ; 0.2818434 ; 0.2286
21068.3 ; 185 ; 0.30 ; 0.2834840 ; 0.2818161 ; 0.2287
21084.6 ; 186 ; 0.34 ; 0.2834421 ; 0.2817604 ; 0.2291
21100.9 ; 187 ; 0.37 ; 0.2833740 ; 0.2816507 ; 0.2296
21116.8 ; 188 ; 0.32 ; 0.2833399 ; 0.2816142 ; 0.2297
21132.7 ; 189 ; 0.37 ; 0.2833520 ; 0.2816397 ; 0.2301
21148.6 ; 190 ; 0.37 ; 0.2833003 ; 0.2815751 ; 0.2298
21164.5 ; 191 ; 0.36 ; 0.2832686 ; 0.2815713 ; 0.2300
21180.6 ; 192 ; 0.28 ; 0.2832251 ; 0.2815186 ; 0.2307
21196.9 ; 193 ; 0.31 ; 0.2832165 ; 0.2815235 ; 0.2299
21212.6 ; 194 ; 0.33 ; 0.2831557 ; 0.2814213 ; 0.2310
21228.1 ; 195 ; 0.41 ; 0.2830976 ; 0.2813734 ; 0.2311
21243.7 ; 196 ; 0.34 ; 0.2830659 ; 0.2813480 ; 0.2314
21259.3 ; 197 ; 0.29 ; 0.2829952 ; 0.2812506 ; 0.2308
21275.3 ; 198 ; 0.29 ; 0.2829840 ; 0.2812827 ; 0.2300
21291.2 ; 199 ; 0.34 ; 0.2829681 ; 0.2812695 ; 0.2301
21321.0 ; 201 ; 0.34 ; 0.2828920 ; 0.2811947 ; 0.2318
21337.3 ; 202 ; 0.41 ; 0.2828290 ; 0.2811344 ; 0.2311
21353.3 ; 203 ; 0.28 ; 0.2828246 ; 0.2811273 ; 0.2317
21369.2 ; 204 ; 0.41 ; 0.2827951 ; 0.2810940 ; 0.2309
21385.3 ; 205 ; 0.37 ; 0.2827227 ; 0.2810095 ; 0.2316
21401.6 ; 206 ; 0.26 ; 0.2827160 ; 0.2810142 ; 0.2318
21417.6 ; 207 ; 0.34 ; 0.2826667 ; 0.2809544 ; 0.2321
21433.5 ; 208 ; 0.30 ; 0.2826699 ; 0.2809597 ; 0.2321
21449.3 ; 209 ; 0.30 ; 0.2826311 ; 0.2809247 ; 0.2323
21465.5 ; 210 ; 0.33 ; 0.2826330 ; 0.2809298 ; 0.2321
21481.4 ; 211 ; 0.37 ; 0.2825712 ; 0.2808350 ; 0.2332
21497.3 ; 212 ; 0.37 ; 0.2825846 ; 0.2808439 ; 0.2320
21513.3 ; 213 ; 0.33 ; 0.2825248 ; 0.2807739 ; 0.2322
21529.1 ; 214 ; 0.40 ; 0.2824535 ; 0.2807067 ; 0.2324
21545.7 ; 215 ; 0.30 ; 0.2824636 ; 0.2807107 ; 0.2319
21562.3 ; 216 ; 0.28 ; 0.2824473 ; 0.2807011 ; 0.2316
21578.5 ; 217 ; 0.29 ; 0.2824141 ; 0.2806628 ; 0.2323
21594.4 ; 218 ; 0.33 ; 0.2823967 ; 0.2806429 ; 0.2329
21610.3 ; 219 ; 0.29 ; 0.2823622 ; 0.2806143 ; 0.2331
21625.9 ; 220 ; 0.32 ; 0.2823185 ; 0.2805726 ; 0.2330
21641.6 ; 221 ; 0.33 ; 0.2823025 ; 0.2805637 ; 0.2329
21657.6 ; 222 ; 0.33 ; 0.2822542 ; 0.2805168 ; 0.2339
21673.6 ; 223 ; 0.28 ; 0.2822337 ; 0.2804848 ; 0.2337
21689.6 ; 224 ; 0.39 ; 0.2821734 ; 0.2804590 ; 0.2340
21705.4 ; 225 ; 0.36 ; 0.2821385 ; 0.2804135 ; 0.2342
21721.8 ; 226 ; 0.30 ; 0.2821403 ; 0.2804062 ; 0.2341
21738.3 ; 227 ; 0.33 ; 0.2820792 ; 0.2803359 ; 0.2339
21754.5 ; 228 ; 0.31 ; 0.2820631 ; 0.2803081 ; 0.2345
21770.8 ; 229 ; 0.32 ; 0.2820153 ; 0.2802688 ; 0.2345
21787.0 ; 230 ; 0.23 ; 0.2820191 ; 0.2802551 ; 0.2342
21803.0 ; 231 ; 0.33 ; 0.2819881 ; 0.2802489 ; 0.2344
21819.4 ; 232 ; 0.25 ; 0.2819562 ; 0.2802064 ; 0.2344
21835.6 ; 233 ; 0.31 ; 0.2819320 ; 0.2801673 ; 0.2345
21851.8 ; 234 ; 0.24 ; 0.2819530 ; 0.2802043 ; 0.2339
21867.8 ; 235 ; 0.39 ; 0.2818895 ; 0.2801319 ; 0.2349
21883.9 ; 236 ; 0.33 ; 0.2818235 ; 0.2800430 ; 0.2352
21899.9 ; 237 ; 0.41 ; 0.2818104 ; 0.2800436 ; 0.2359
21915.7 ; 238 ; 0.30 ; 0.2817772 ; 0.2800009 ; 0.2352
21931.8 ; 239 ; 0.36 ; 0.2816947 ; 0.2799224 ; 0.2357
21948.0 ; 240 ; 0.30 ; 0.2816763 ; 0.2798986 ; 0.2356
21963.5 ; 241 ; 0.33 ; 0.2816728 ; 0.2798954 ; 0.2363
21979.7 ; 242 ; 0.35 ; 0.2816041 ; 0.2798137 ; 0.2369
21995.6 ; 243 ; 0.31 ; 0.2815833 ; 0.2797975 ; 0.2370
22011.5 ; 244 ; 0.38 ; 0.2815514 ; 0.2797395 ; 0.2372
22027.3 ; 245 ; 0.32 ; 0.2815263 ; 0.2797235 ; 0.2371
22042.9 ; 246 ; 0.25 ; 0.2815030 ; 0.2797101 ; 0.2372
22058.7 ; 247 ; 0.37 ; 0.2815150 ; 0.2797157 ; 0.2362
22074.8 ; 248 ; 0.21 ; 0.2814557 ; 0.2796516 ; 0.2372
22090.7 ; 249 ; 0.28 ; 0.2814706 ; 0.2796760 ; 0.2371
22106.7 ; 250 ; 0.30 ; 0.2814677 ; 0.2796573 ; 0.2371
22122.4 ; 251 ; 0.34 ; 0.2814521 ; 0.2796339 ; 0.2375
22138.4 ; 252 ; 0.33 ; 0.2814029 ; 0.2796019 ; 0.2377
22154.6 ; 253 ; 0.28 ; 0.2813614 ; 0.2795310 ; 0.2379
22170.4 ; 254 ; 0.40 ; 0.2813590 ; 0.2795122 ; 0.2376
22186.4 ; 255 ; 0.34 ; 0.2813360 ; 0.2794932 ; 0.2377
22202.1 ; 256 ; 0.37 ; 0.2812588 ; 0.2794097 ; 0.2383
22217.9 ; 257 ; 0.31 ; 0.2812587 ; 0.2794043 ; 0.2376
22234.2 ; 258 ; 0.34 ; 0.2812420 ; 0.2793774 ; 0.2382
22250.2 ; 259 ; 0.33 ; 0.2812006 ; 0.2793387 ; 0.2384
22266.2 ; 260 ; 0.41 ; 0.2811562 ; 0.2792945 ; 0.2385
22282.0 ; 261 ; 0.30 ; 0.2811366 ; 0.2792790 ; 0.2383
22297.7 ; 262 ; 0.25 ; 0.2811100 ; 0.2792494 ; 0.2380
22314.5 ; 263 ; 0.24 ; 0.2810529 ; 0.2792300 ; 0.2384
22330.6 ; 264 ; 0.34 ; 0.2810605 ; 0.2792166 ; 0.2387
22346.7 ; 265 ; 0.42 ; 0.2810204 ; 0.2791929 ; 0.2381
22362.5 ; 266 ; 0.39 ; 0.2809391 ; 0.2790776 ; 0.2385
22378.4 ; 267 ; 0.34 ; 0.2809573 ; 0.2791207 ; 0.2387
22394.3 ; 268 ; 0.35 ; 0.2809369 ; 0.2791049 ; 0.2384
22410.0 ; 269 ; 0.35 ; 0.2808571 ; 0.2789989 ; 0.2389
22426.0 ; 270 ; 0.32 ; 0.2808545 ; 0.2789939 ; 0.2394
22441.8 ; 271 ; 0.33 ; 0.2808160 ; 0.2789559 ; 0.2393
22457.6 ; 272 ; 0.28 ; 0.2807638 ; 0.2788946 ; 0.2398
22473.8 ; 273 ; 0.39 ; 0.2807299 ; 0.2788602 ; 0.2394
22489.6 ; 274 ; 0.32 ; 0.2807262 ; 0.2788643 ; 0.2389
22505.2 ; 275 ; 0.28 ; 0.2806911 ; 0.2788266 ; 0.2388
22521.2 ; 276 ; 0.27 ; 0.2806163 ; 0.2787544 ; 0.2399
22537.1 ; 277 ; 0.39 ; 0.2805725 ; 0.2787070 ; 0.2395
22552.7 ; 278 ; 0.39 ; 0.2805676 ; 0.2786748 ; 0.2395
22568.9 ; 279 ; 0.25 ; 0.2805361 ; 0.2786354 ; 0.2402
22585.0 ; 280 ; 0.35 ; 0.2805048 ; 0.2786274 ; 0.2399
22600.8 ; 281 ; 0.34 ; 0.2804501 ; 0.2785533 ; 0.2412
22616.6 ; 282 ; 0.35 ; 0.2803937 ; 0.2785171 ; 0.2415
22632.9 ; 283 ; 0.36 ; 0.2803436 ; 0.2784673 ; 0.2416
22648.6 ; 284 ; 0.34 ; 0.2803345 ; 0.2784666 ; 0.2414
22664.3 ; 285 ; 0.32 ; 0.2802610 ; 0.2783760 ; 0.2416
22680.2 ; 286 ; 0.44 ; 0.2801964 ; 0.2783249 ; 0.2421
22695.8 ; 287 ; 0.32 ; 0.2801701 ; 0.2783002 ; 0.2422
22711.4 ; 288 ; 0.30 ; 0.2801168 ; 0.2782266 ; 0.2438
22727.1 ; 289 ; 0.30 ; 0.2800763 ; 0.2781962 ; 0.2434
22742.7 ; 290 ; 0.33 ; 0.2800103 ; 0.2781255 ; 0.2442
22758.8 ; 291 ; 0.38 ; 0.2799348 ; 0.2780565 ; 0.2447
22774.4 ; 292 ; 0.29 ; 0.2798833 ; 0.2779903 ; 0.2446
22790.6 ; 293 ; 0.34 ; 0.2798395 ; 0.2779481 ; 0.2448
22806.8 ; 294 ; 0.43 ; 0.2797983 ; 0.2779478 ; 0.2458
22822.7 ; 295 ; 0.36 ; 0.2797416 ; 0.2778861 ; 0.2455
22838.5 ; 296 ; 0.38 ; 0.2796824 ; 0.2778244 ; 0.2469
22854.6 ; 297 ; 0.37 ; 0.2796516 ; 0.2778018 ; 0.2472
22870.4 ; 298 ; 0.34 ; 0.2795582 ; 0.2777002 ; 0.2482
22886.3 ; 299 ; 0.28 ; 0.2795138 ; 0.2776530 ; 0.2490
sigma=1.0
sigma=0.1
sigma=0.010000000000000002
22916.1 ; 1 ; 0.00 ; 0.2795138 ; 0.2776530 ; 0.2490
22932.1 ; 2 ; 0.05 ; 0.2794702 ; 0.2776408 ; 0.2481
22947.8 ; 3 ; 0.01 ; 0.2794461 ; 0.2775794 ; 0.2489
22963.9 ; 4 ; 0.04 ; 0.2795397 ; 0.2776711 ; 0.2488
22980.3 ; 5 ; 0.14 ; 0.2791634 ; 0.2773086 ; 0.2508
22996.3 ; 6 ; 0.05 ; 0.2790996 ; 0.2772615 ; 0.2518
23012.7 ; 7 ; 0.03 ; 0.2790909 ; 0.2773244 ; 0.2535
23029.0 ; 8 ; 0.07 ; 0.2789840 ; 0.2771496 ; 0.2557
23044.7 ; 9 ; 0.15 ; 0.2786167 ; 0.2768138 ; 0.2556
23060.6 ; 10 ; 0.09 ; 0.2784777 ; 0.2765823 ; 0.2590
23077.1 ; 11 ; 0.09 ; 0.2784736 ; 0.2767310 ; 0.2582
23093.5 ; 12 ; 0.09 ; 0.2781817 ; 0.2764945 ; 0.2621
23109.5 ; 13 ; 0.08 ; 0.2782011 ; 0.2764554 ; 0.2604
23125.7 ; 14 ; 0.09 ; 0.2778726 ; 0.2761261 ; 0.2633
23141.6 ; 15 ; 0.04 ; 0.2778215 ; 0.2760471 ; 0.2632
23157.9 ; 16 ; 0.06 ; 0.2777485 ; 0.2758342 ; 0.2646
23173.9 ; 17 ; 0.06 ; 0.2777553 ; 0.2757941 ; 0.2666
23189.9 ; 18 ; 0.06 ; 0.2776043 ; 0.2756290 ; 0.2650
23205.7 ; 19 ; 0.03 ; 0.2775242 ; 0.2755156 ; 0.2669
23221.2 ; 20 ; 0.03 ; 0.2773611 ; 0.2753395 ; 0.2670
23237.4 ; 21 ; 0.07 ; 0.2772994 ; 0.2753053 ; 0.2659
23253.5 ; 22 ; 0.07 ; 0.2772203 ; 0.2752919 ; 0.2677
23269.7 ; 23 ; 0.02 ; 0.2771208 ; 0.2751557 ; 0.2672
23285.6 ; 24 ; 0.09 ; 0.2769641 ; 0.2749301 ; 0.2684
23301.2 ; 25 ; 0.06 ; 0.2767629 ; 0.2748007 ; 0.2690
23317.2 ; 26 ; 0.04 ; 0.2766759 ; 0.2747379 ; 0.2706
23333.1 ; 27 ; 0.09 ; 0.2765023 ; 0.2745050 ; 0.2714
23349.3 ; 28 ; 0.01 ; 0.2765456 ; 0.2745683 ; 0.2721
23365.5 ; 29 ; 0.01 ; 0.2764995 ; 0.2745211 ; 0.2729
23381.8 ; 30 ; 0.02 ; 0.2764292 ; 0.2744734 ; 0.2718
23397.9 ; 31 ; 0.07 ; 0.2762860 ; 0.2743019 ; 0.2713
23413.7 ; 32 ; 0.03 ; 0.2762727 ; 0.2742770 ; 0.2713
23430.1 ; 33 ; 0.05 ; 0.2763824 ; 0.2743375 ; 0.2719
23446.4 ; 34 ; 0.05 ; 0.2761902 ; 0.2741994 ; 0.2704
23462.5 ; 35 ; 0.04 ; 0.2760983 ; 0.2741250 ; 0.2724
23478.4 ; 36 ; 0.03 ; 0.2759830 ; 0.2739651 ; 0.2719
23494.5 ; 37 ; 0.06 ; 0.2758601 ; 0.2737807 ; 0.2704
23510.9 ; 38 ; 0.03 ; 0.2757624 ; 0.2736831 ; 0.2724
23526.9 ; 39 ; 0.04 ; 0.2756092 ; 0.2735753 ; 0.2708
23542.9 ; 40 ; 0.03 ; 0.2756938 ; 0.2737400 ; 0.2719
23559.1 ; 41 ; 0.03 ; 0.2757716 ; 0.2737606 ; 0.2715
23575.2 ; 42 ; 0.07 ; 0.2757542 ; 0.2737500 ; 0.2738
23591.3 ; 43 ; 0.03 ; 0.2756058 ; 0.2735746 ; 0.2737
23607.6 ; 44 ; 0.04 ; 0.2755567 ; 0.2736469 ; 0.2715
23623.5 ; 45 ; 0.03 ; 0.2755560 ; 0.2736108 ; 0.2702
23639.3 ; 46 ; 0.08 ; 0.2756527 ; 0.2736010 ; 0.2712
23655.3 ; 47 ; 0.08 ; 0.2753517 ; 0.2733247 ; 0.2746
23671.7 ; 48 ; 0.02 ; 0.2754276 ; 0.2734143 ; 0.2745
23688.1 ; 49 ; 0.05 ; 0.2754054 ; 0.2734728 ; 0.2737
23704.4 ; 50 ; 0.07 ; 0.2753317 ; 0.2733856 ; 0.2742
23720.4 ; 51 ; 0.02 ; 0.2753860 ; 0.2734611 ; 0.2726
23736.6 ; 52 ; 0.02 ; 0.2753363 ; 0.2734582 ; 0.2739
23753.1 ; 53 ; 0.03 ; 0.2752316 ; 0.2733411 ; 0.2755
23769.5 ; 54 ; 0.07 ; 0.2749874 ; 0.2731202 ; 0.2768
23785.6 ; 55 ; 0.02 ; 0.2750055 ; 0.2731262 ; 0.2754
23801.3 ; 56 ; 0.04 ; 0.2749852 ; 0.2730211 ; 0.2741
23816.9 ; 57 ; 0.06 ; 0.2750412 ; 0.2730141 ; 0.2745
23832.8 ; 58 ; 0.05 ; 0.2749109 ; 0.2728894 ; 0.2761
23849.0 ; 59 ; 0.05 ; 0.2749007 ; 0.2728585 ; 0.2766
23865.0 ; 60 ; 0.02 ; 0.2749569 ; 0.2729207 ; 0.2755
23881.1 ; 61 ; 0.04 ; 0.2749863 ; 0.2729428 ; 0.2755
23897.5 ; 62 ; 0.01 ; 0.2749674 ; 0.2729694 ; 0.2760
23913.8 ; 63 ; 0.04 ; 0.2749535 ; 0.2729509 ; 0.2751
23930.0 ; 64 ; 0.05 ; 0.2748358 ; 0.2728512 ; 0.2782
23945.9 ; 65 ; 0.05 ; 0.2748831 ; 0.2728775 ; 0.2776
23961.4 ; 66 ; 0.02 ; 0.2748048 ; 0.2727792 ; 0.2773
23977.1 ; 67 ; 0.02 ; 0.2747832 ; 0.2727674 ; 0.2774
23992.5 ; 68 ; 0.03 ; 0.2747675 ; 0.2727889 ; 0.2782
24008.4 ; 69 ; 0.03 ; 0.2748170 ; 0.2728229 ; 0.2785
24024.1 ; 70 ; 0.06 ; 0.2747945 ; 0.2727645 ; 0.2798
24039.9 ; 71 ; 0.06 ; 0.2746352 ; 0.2726878 ; 0.2782
24055.6 ; 72 ; 0.05 ; 0.2746544 ; 0.2727181 ; 0.2779
24071.2 ; 73 ; 0.03 ; 0.2744716 ; 0.2725567 ; 0.2796
24086.9 ; 74 ; 0.02 ; 0.2744665 ; 0.2725291 ; 0.2782
24102.7 ; 75 ; 0.01 ; 0.2744268 ; 0.2725306 ; 0.2777
sigma=0.0010000000000000002
24118.3 ; 76 ; 0.00 ; 0.2744268 ; 0.2725306 ; 0.2777
24133.9 ; 77 ; 0.31 ; 0.2743705 ; 0.2724522 ; 0.2787
24149.9 ; 78 ; 0.41 ; 0.2743384 ; 0.2724131 ; 0.2776
24165.8 ; 79 ; 0.31 ; 0.2742386 ; 0.2723011 ; 0.2789
24181.5 ; 80 ; 0.24 ; 0.2742461 ; 0.2722982 ; 0.2786
24197.2 ; 81 ; 0.39 ; 0.2741775 ; 0.2722301 ; 0.2797
24212.9 ; 82 ; 0.36 ; 0.2741403 ; 0.2722092 ; 0.2793
24228.8 ; 83 ; 0.41 ; 0.2740863 ; 0.2721621 ; 0.2790
24245.0 ; 84 ; 0.31 ; 0.2740344 ; 0.2721425 ; 0.2795
24261.2 ; 85 ; 0.28 ; 0.2739635 ; 0.2720682 ; 0.2791
24277.3 ; 86 ; 0.31 ; 0.2739012 ; 0.2720142 ; 0.2794
24293.4 ; 87 ; 0.29 ; 0.2738863 ; 0.2719854 ; 0.2798
24309.5 ; 88 ; 0.40 ; 0.2738317 ; 0.2719422 ; 0.2795
24325.4 ; 89 ; 0.31 ; 0.2738466 ; 0.2719336 ; 0.2801
24341.0 ; 90 ; 0.35 ; 0.2737986 ; 0.2718805 ; 0.2795
24356.6 ; 91 ; 0.36 ; 0.2737847 ; 0.2718487 ; 0.2808
24372.5 ; 92 ; 0.41 ; 0.2737187 ; 0.2718016 ; 0.2811
24388.6 ; 93 ; 0.42 ; 0.2736834 ; 0.2717802 ; 0.2807
24404.3 ; 94 ; 0.33 ; 0.2736373 ; 0.2717421 ; 0.2811
24420.1 ; 95 ; 0.37 ; 0.2735460 ; 0.2716601 ; 0.2821
24436.2 ; 96 ; 0.27 ; 0.2735395 ; 0.2716416 ; 0.2819
24452.8 ; 97 ; 0.42 ; 0.2735274 ; 0.2716168 ; 0.2811
24469.2 ; 98 ; 0.33 ; 0.2734580 ; 0.2715612 ; 0.2813
24485.5 ; 99 ; 0.34 ; 0.2733872 ; 0.2714772 ; 0.2815
sigma=1.0
sigma=0.1
sigma=0.010000000000000002
24516.1 ; 1 ; 0.00 ; 0.2733872 ; 0.2714772 ; 0.2815
sigma=0.0010000000000000002
24532.4 ; 2 ; 0.00 ; 0.2733872 ; 0.2714772 ; 0.2815
24548.3 ; 3 ; 0.31 ; 0.2733664 ; 0.2714692 ; 0.2820
24564.5 ; 4 ; 0.38 ; 0.2733165 ; 0.2714238 ; 0.2819
24580.4 ; 5 ; 0.28 ; 0.2733196 ; 0.2714257 ; 0.2814
24596.0 ; 6 ; 0.30 ; 0.2732487 ; 0.2713663 ; 0.2824
24611.8 ; 7 ; 0.36 ; 0.2732223 ; 0.2713300 ; 0.2827
24627.6 ; 8 ; 0.38 ; 0.2731778 ; 0.2713018 ; 0.2827
24643.5 ; 9 ; 0.26 ; 0.2731545 ; 0.2712716 ; 0.2831
24659.7 ; 10 ; 0.36 ; 0.2731416 ; 0.2712456 ; 0.2822
24675.7 ; 11 ; 0.39 ; 0.2731341 ; 0.2712341 ; 0.2826
24691.4 ; 12 ; 0.32 ; 0.2730326 ; 0.2711397 ; 0.2826
24707.2 ; 13 ; 0.19 ; 0.2730157 ; 0.2711294 ; 0.2832
24722.8 ; 14 ; 0.31 ; 0.2729564 ; 0.2710843 ; 0.2828
24738.5 ; 15 ; 0.37 ; 0.2729125 ; 0.2710273 ; 0.2826
24754.5 ; 16 ; 0.41 ; 0.2728823 ; 0.2709951 ; 0.2831
24771.2 ; 17 ; 0.34 ; 0.2728762 ; 0.2709832 ; 0.2832
24787.5 ; 18 ; 0.29 ; 0.2728434 ; 0.2709808 ; 0.2830
24803.9 ; 19 ; 0.34 ; 0.2727904 ; 0.2709257 ; 0.2834
24820.0 ; 20 ; 0.32 ; 0.2727289 ; 0.2708347 ; 0.2835
24836.2 ; 21 ; 0.35 ; 0.2727083 ; 0.2708301 ; 0.2837
24851.9 ; 22 ; 0.28 ; 0.2726783 ; 0.2708046 ; 0.2838
24868.0 ; 23 ; 0.38 ; 0.2726434 ; 0.2707648 ; 0.2836
24884.0 ; 24 ; 0.32 ; 0.2725974 ; 0.2707075 ; 0.2841
24899.7 ; 25 ; 0.37 ; 0.2725517 ; 0.2706567 ; 0.2839
24915.7 ; 26 ; 0.24 ; 0.2725801 ; 0.2706908 ; 0.2846
24931.7 ; 27 ; 0.44 ; 0.2724635 ; 0.2705785 ; 0.2834
24947.9 ; 28 ; 0.29 ; 0.2724286 ; 0.2705493 ; 0.2845
24963.7 ; 29 ; 0.26 ; 0.2723943 ; 0.2705223 ; 0.2837
24979.5 ; 30 ; 0.42 ; 0.2723823 ; 0.2704914 ; 0.2842
24995.6 ; 31 ; 0.32 ; 0.2723196 ; 0.2704277 ; 0.2858
25011.4 ; 32 ; 0.32 ; 0.2722655 ; 0.2703618 ; 0.2851
25027.4 ; 33 ; 0.32 ; 0.2722287 ; 0.2703430 ; 0.2845
25043.2 ; 34 ; 0.22 ; 0.2722023 ; 0.2703243 ; 0.2840
25059.4 ; 35 ; 0.32 ; 0.2721644 ; 0.2702915 ; 0.2844
25075.4 ; 36 ; 0.34 ; 0.2721781 ; 0.2702732 ; 0.2846
25091.6 ; 37 ; 0.38 ; 0.2720976 ; 0.2702087 ; 0.2863
25107.5 ; 38 ; 0.44 ; 0.2720249 ; 0.2701695 ; 0.2865
25123.4 ; 39 ; 0.39 ; 0.2720222 ; 0.2701542 ; 0.2857
25140.1 ; 40 ; 0.33 ; 0.2719727 ; 0.2700703 ; 0.2859
25156.5 ; 41 ; 0.36 ; 0.2719436 ; 0.2700610 ; 0.2855
25172.8 ; 42 ; 0.47 ; 0.2718480 ; 0.2699848 ; 0.2863
25188.8 ; 43 ; 0.32 ; 0.2718433 ; 0.2699861 ; 0.2869
25205.1 ; 44 ; 0.35 ; 0.2718302 ; 0.2699661 ; 0.2879
25221.4 ; 45 ; 0.33 ; 0.2717873 ; 0.2699225 ; 0.2865
25237.6 ; 46 ; 0.28 ; 0.2717710 ; 0.2699006 ; 0.2869
25254.0 ; 47 ; 0.21 ; 0.2717527 ; 0.2698902 ; 0.2872
25270.4 ; 48 ; 0.34 ; 0.2717046 ; 0.2698444 ; 0.2870
25286.6 ; 49 ; 0.36 ; 0.2716710 ; 0.2698200 ; 0.2877
25302.7 ; 50 ; 0.37 ; 0.2715948 ; 0.2697538 ; 0.2881
25318.8 ; 51 ; 0.35 ; 0.2715347 ; 0.2696774 ; 0.2880
25335.0 ; 52 ; 0.38 ; 0.2715272 ; 0.2696581 ; 0.2881
25351.1 ; 53 ; 0.46 ; 0.2714918 ; 0.2696305 ; 0.2879
25367.6 ; 54 ; 0.41 ; 0.2714581 ; 0.2695846 ; 0.2879
25383.8 ; 55 ; 0.37 ; 0.2714404 ; 0.2695827 ; 0.2882
25400.0 ; 56 ; 0.29 ; 0.2713993 ; 0.2695397 ; 0.2892
25416.1 ; 57 ; 0.27 ; 0.2713683 ; 0.2695183 ; 0.2900
25431.9 ; 58 ; 0.31 ; 0.2713343 ; 0.2694815 ; 0.2891
25447.7 ; 59 ; 0.30 ; 0.2713194 ; 0.2694661 ; 0.2895
25463.8 ; 60 ; 0.31 ; 0.2712517 ; 0.2693951 ; 0.2900
25479.8 ; 61 ; 0.35 ; 0.2712238 ; 0.2693618 ; 0.2895
25495.7 ; 62 ; 0.27 ; 0.2711932 ; 0.2693405 ; 0.2892
25511.1 ; 63 ; 0.26 ; 0.2711667 ; 0.2693165 ; 0.2889
25526.8 ; 64 ; 0.28 ; 0.2711280 ; 0.2692890 ; 0.2898
25542.3 ; 65 ; 0.31 ; 0.2710988 ; 0.2692669 ; 0.2907
25558.1 ; 66 ; 0.30 ; 0.2710536 ; 0.2692247 ; 0.2896
25574.2 ; 67 ; 0.25 ; 0.2710232 ; 0.2691986 ; 0.2904
25590.7 ; 68 ; 0.42 ; 0.2709675 ; 0.2691319 ; 0.2910
25606.6 ; 69 ; 0.25 ; 0.2709655 ; 0.2691118 ; 0.2917
25622.4 ; 70 ; 0.27 ; 0.2709474 ; 0.2690821 ; 0.2904
25638.6 ; 71 ; 0.37 ; 0.2709194 ; 0.2690620 ; 0.2909
25654.7 ; 72 ; 0.30 ; 0.2708905 ; 0.2690362 ; 0.2909
25670.6 ; 73 ; 0.27 ; 0.2708645 ; 0.2690046 ; 0.2913
25686.6 ; 74 ; 0.31 ; 0.2708309 ; 0.2689714 ; 0.2918
25702.7 ; 75 ; 0.43 ; 0.2708043 ; 0.2689414 ; 0.2916
25718.6 ; 76 ; 0.26 ; 0.2707548 ; 0.2689163 ; 0.2921
25734.5 ; 77 ; 0.37 ; 0.2707594 ; 0.2689248 ; 0.2915
25750.4 ; 78 ; 0.35 ; 0.2707280 ; 0.2689043 ; 0.2912
25766.3 ; 79 ; 0.37 ; 0.2706787 ; 0.2688467 ; 0.2917
25782.1 ; 80 ; 0.40 ; 0.2706308 ; 0.2687626 ; 0.2922
25798.0 ; 81 ; 0.43 ; 0.2705913 ; 0.2687309 ; 0.2916
25813.8 ; 82 ; 0.32 ; 0.2705482 ; 0.2687014 ; 0.2928
25829.6 ; 83 ; 0.38 ; 0.2705000 ; 0.2686682 ; 0.2925
25845.5 ; 84 ; 0.34 ; 0.2705094 ; 0.2686619 ; 0.2933
25861.5 ; 85 ; 0.31 ; 0.2704505 ; 0.2685871 ; 0.2927
25877.4 ; 86 ; 0.29 ; 0.2703965 ; 0.2685481 ; 0.2929
25892.8 ; 87 ; 0.23 ; 0.2703815 ; 0.2685335 ; 0.2928
25908.9 ; 88 ; 0.37 ; 0.2703440 ; 0.2685094 ; 0.2933
25924.9 ; 89 ; 0.33 ; 0.2703213 ; 0.2684826 ; 0.2925
25940.6 ; 90 ; 0.33 ; 0.2703165 ; 0.2684723 ; 0.2930
25956.6 ; 91 ; 0.33 ; 0.2702938 ; 0.2684549 ; 0.2922
25972.9 ; 92 ; 0.34 ; 0.2702345 ; 0.2683791 ; 0.2919
25988.9 ; 93 ; 0.25 ; 0.2701815 ; 0.2683395 ; 0.2922
26004.3 ; 94 ; 0.27 ; 0.2701227 ; 0.2682837 ; 0.2921
26019.9 ; 95 ; 0.24 ; 0.2700974 ; 0.2682461 ; 0.2925
26035.5 ; 96 ; 0.31 ; 0.2700761 ; 0.2682162 ; 0.2929
26051.6 ; 97 ; 0.28 ; 0.2700243 ; 0.2681524 ; 0.2926
26067.4 ; 98 ; 0.38 ; 0.2699851 ; 0.2681105 ; 0.2930
26083.2 ; 99 ; 0.27 ; 0.2699603 ; 0.2680648 ; 0.2936
sigma=1.0
sigma=0.1
sigma=0.010000000000000002
26113.0 ; 1 ; 0.00 ; 0.2699603 ; 0.2680648 ; 0.2936
26129.1 ; 2 ; 0.01 ; 0.2699046 ; 0.2680331 ; 0.2938
sigma=0.0010000000000000002
26144.9 ; 3 ; 0.00 ; 0.2699046 ; 0.2680331 ; 0.2938
26160.6 ; 4 ; 0.36 ; 0.2698752 ; 0.2680068 ; 0.2926
26176.4 ; 5 ; 0.31 ; 0.2698458 ; 0.2679730 ; 0.2929
26192.6 ; 6 ; 0.37 ; 0.2698285 ; 0.2679660 ; 0.2923
26208.6 ; 7 ; 0.35 ; 0.2697989 ; 0.2679374 ; 0.2927
26224.8 ; 8 ; 0.31 ; 0.2697357 ; 0.2678834 ; 0.2926
26241.1 ; 9 ; 0.28 ; 0.2697159 ; 0.2678618 ; 0.2927
26257.3 ; 10 ; 0.25 ; 0.2696922 ; 0.2678496 ; 0.2929
26273.2 ; 11 ; 0.36 ; 0.2696711 ; 0.2678142 ; 0.2927
26289.2 ; 12 ; 0.23 ; 0.2696540 ; 0.2677920 ; 0.2928
26305.2 ; 13 ; 0.34 ; 0.2695998 ; 0.2677529 ; 0.2932
26321.2 ; 14 ; 0.32 ; 0.2695527 ; 0.2677037 ; 0.2940
26337.2 ; 15 ; 0.34 ; 0.2695101 ; 0.2676564 ; 0.2942
26352.8 ; 16 ; 0.36 ; 0.2694929 ; 0.2676168 ; 0.2943
26368.2 ; 17 ; 0.31 ; 0.2694285 ; 0.2675687 ; 0.2944
26384.2 ; 18 ; 0.29 ; 0.2694075 ; 0.2675505 ; 0.2942
26400.0 ; 19 ; 0.30 ; 0.2693835 ; 0.2675350 ; 0.2944
26415.8 ; 20 ; 0.38 ; 0.2693017 ; 0.2674544 ; 0.2946
26431.4 ; 21 ; 0.40 ; 0.2692673 ; 0.2674144 ; 0.2948
26447.6 ; 22 ; 0.31 ; 0.2692195 ; 0.2673692 ; 0.2943
26464.2 ; 23 ; 0.30 ; 0.2692002 ; 0.2673566 ; 0.2951
26480.7 ; 24 ; 0.30 ; 0.2691643 ; 0.2672903 ; 0.2947
26496.9 ; 25 ; 0.25 ; 0.2691446 ; 0.2672731 ; 0.2959
26512.9 ; 26 ; 0.34 ; 0.2690790 ; 0.2672088 ; 0.2966
26529.4 ; 27 ; 0.25 ; 0.2690427 ; 0.2671888 ; 0.2971
26545.8 ; 28 ; 0.41 ; 0.2690386 ; 0.2672033 ; 0.2958
26561.9 ; 29 ; 0.30 ; 0.2690305 ; 0.2671810 ; 0.2954
26577.6 ; 30 ; 0.39 ; 0.2689800 ; 0.2671470 ; 0.2962
26593.1 ; 31 ; 0.36 ; 0.2689404 ; 0.2671180 ; 0.2958
26608.8 ; 32 ; 0.31 ; 0.2689104 ; 0.2671081 ; 0.2956
26624.4 ; 33 ; 0.37 ; 0.2688861 ; 0.2670693 ; 0.2965
26640.0 ; 34 ; 0.30 ; 0.2688811 ; 0.2670580 ; 0.2963
26656.0 ; 35 ; 0.31 ; 0.2688493 ; 0.2670355 ; 0.2969
26671.8 ; 36 ; 0.27 ; 0.2688060 ; 0.2669927 ; 0.2975
26687.6 ; 37 ; 0.33 ; 0.2687949 ; 0.2669855 ; 0.2972
26703.3 ; 38 ; 0.36 ; 0.2687794 ; 0.2669664 ; 0.2972
26719.3 ; 39 ; 0.41 ; 0.2687164 ; 0.2669049 ; 0.2980
26735.2 ; 40 ; 0.24 ; 0.2686627 ; 0.2668627 ; 0.2977
26751.0 ; 41 ; 0.33 ; 0.2686071 ; 0.2668097 ; 0.2975
26766.7 ; 42 ; 0.37 ; 0.2685841 ; 0.2667863 ; 0.2982
26782.8 ; 43 ; 0.28 ; 0.2685546 ; 0.2667654 ; 0.2976
26799.2 ; 44 ; 0.31 ; 0.2684973 ; 0.2667019 ; 0.2993
26815.1 ; 45 ; 0.39 ; 0.2684576 ; 0.2666534 ; 0.2992
26831.0 ; 46 ; 0.39 ; 0.2684276 ; 0.2666159 ; 0.2997
26847.7 ; 47 ; 0.33 ; 0.2683983 ; 0.2665967 ; 0.2995
26864.2 ; 48 ; 0.33 ; 0.2683722 ; 0.2665789 ; 0.2987
26880.4 ; 49 ; 0.37 ; 0.2682994 ; 0.2664887 ; 0.3000
26896.6 ; 50 ; 0.28 ; 0.2682711 ; 0.2664585 ; 0.3000
26912.8 ; 51 ; 0.35 ; 0.2682771 ; 0.2664493 ; 0.3008
26928.7 ; 52 ; 0.38 ; 0.2682733 ; 0.2664292 ; 0.2996
26944.8 ; 53 ; 0.39 ; 0.2682317 ; 0.2663877 ; 0.3001
26961.4 ; 54 ; 0.31 ; 0.2682094 ; 0.2663730 ; 0.2994
26977.4 ; 55 ; 0.40 ; 0.2681758 ; 0.2663355 ; 0.3001
26993.3 ; 56 ; 0.34 ; 0.2681483 ; 0.2663052 ; 0.3004
27009.7 ; 57 ; 0.33 ; 0.2681121 ; 0.2662827 ; 0.3001
27025.7 ; 58 ; 0.34 ; 0.2680537 ; 0.2662291 ; 0.3012
27041.8 ; 59 ; 0.27 ; 0.2680407 ; 0.2662048 ; 0.3011
27057.9 ; 60 ; 0.37 ; 0.2679526 ; 0.2661096 ; 0.3008
27074.2 ; 61 ; 0.36 ; 0.2679372 ; 0.2660947 ; 0.3002
27090.5 ; 62 ; 0.30 ; 0.2679155 ; 0.2660650 ; 0.3008
27106.3 ; 63 ; 0.39 ; 0.2679008 ; 0.2660657 ; 0.2998
27122.0 ; 64 ; 0.37 ; 0.2678280 ; 0.2660201 ; 0.3010
27137.9 ; 65 ; 0.27 ; 0.2677815 ; 0.2659715 ; 0.3006
27154.4 ; 66 ; 0.26 ; 0.2677729 ; 0.2659776 ; 0.3000
27170.2 ; 67 ; 0.33 ; 0.2677735 ; 0.2659702 ; 0.3004
27185.9 ; 68 ; 0.33 ; 0.2677191 ; 0.2659206 ; 0.3006
27201.9 ; 69 ; 0.29 ; 0.2676953 ; 0.2658960 ; 0.3007
27217.8 ; 70 ; 0.33 ; 0.2676742 ; 0.2658776 ; 0.3008
27234.4 ; 71 ; 0.36 ; 0.2676297 ; 0.2658135 ; 0.3009
27250.6 ; 72 ; 0.38 ; 0.2676142 ; 0.2658204 ; 0.3007
27266.7 ; 73 ; 0.31 ; 0.2675653 ; 0.2657729 ; 0.3008
27282.7 ; 74 ; 0.34 ; 0.2675560 ; 0.2657526 ; 0.3017
27298.6 ; 75 ; 0.32 ; 0.2675178 ; 0.2657163 ; 0.3013
27314.8 ; 76 ; 0.30 ; 0.2675158 ; 0.2657122 ; 0.3013
27330.6 ; 77 ; 0.34 ; 0.2674830 ; 0.2656788 ; 0.3019
27346.2 ; 78 ; 0.29 ; 0.2674528 ; 0.2656381 ; 0.3018
27361.6 ; 79 ; 0.34 ; 0.2674607 ; 0.2656440 ; 0.3011
27377.1 ; 80 ; 0.29 ; 0.2673937 ; 0.2655999 ; 0.3015
27392.7 ; 81 ; 0.25 ; 0.2673449 ; 0.2655652 ; 0.3020
27408.7 ; 82 ; 0.26 ; 0.2673274 ; 0.2655359 ; 0.3016
27425.1 ; 83 ; 0.37 ; 0.2672732 ; 0.2654951 ; 0.3020
27441.5 ; 84 ; 0.32 ; 0.2672538 ; 0.2654693 ; 0.3014
27457.9 ; 85 ; 0.41 ; 0.2671983 ; 0.2654210 ; 0.3024
27474.1 ; 86 ; 0.24 ; 0.2671794 ; 0.2654102 ; 0.3023
27490.2 ; 87 ; 0.24 ; 0.2671467 ; 0.2653911 ; 0.3026
27506.0 ; 88 ; 0.33 ; 0.2671336 ; 0.2653827 ; 0.3034
27521.9 ; 89 ; 0.31 ; 0.2671122 ; 0.2653546 ; 0.3027
27537.9 ; 90 ; 0.30 ; 0.2670911 ; 0.2653341 ; 0.3022
27554.3 ; 91 ; 0.34 ; 0.2670147 ; 0.2652529 ; 0.3026
27570.3 ; 92 ; 0.39 ; 0.2669739 ; 0.2652189 ; 0.3038
27586.4 ; 93 ; 0.36 ; 0.2669367 ; 0.2651932 ; 0.3033
27602.9 ; 94 ; 0.42 ; 0.2668980 ; 0.2651604 ; 0.3035
27619.3 ; 95 ; 0.38 ; 0.2668373 ; 0.2651038 ; 0.3043
27635.2 ; 96 ; 0.31 ; 0.2668318 ; 0.2651039 ; 0.3037
27651.3 ; 97 ; 0.41 ; 0.2667778 ; 0.2650308 ; 0.3035
27667.5 ; 98 ; 0.29 ; 0.2667152 ; 0.2649872 ; 0.3035
27683.5 ; 99 ; 0.25 ; 0.2667080 ; 0.2649858 ; 0.3039
