23752
[216, 576, 3920, 1152, 2304, 1440, 4608, 9216, 320]
[[8, 27], [8, 72], [10, 392], [16, 72], [16, 144], [10, 144], [32, 144], [32, 288], [10, 32]]
0.1013
0.33547061681747437
26.6 ; 1 ; 0.01 ; 0.3258767 ; 0.3253937 ; 0.1110
41.0 ; 2 ; 0.03 ; 0.3207222 ; 0.3202680 ; 0.1301
sigma=0.1
55.2 ; 3 ; 0.00 ; 0.3207222 ; 0.3202680 ; 0.1301
69.2 ; 4 ; 0.19 ; 0.3174752 ; 0.3170636 ; 0.1498
83.6 ; 5 ; 0.12 ; 0.3157451 ; 0.3153390 ; 0.1615
98.3 ; 6 ; 0.13 ; 0.3145983 ; 0.3142467 ; 0.1745
112.8 ; 7 ; 0.14 ; 0.3119105 ; 0.3114511 ; 0.1867
127.3 ; 8 ; 0.12 ; 0.3101271 ; 0.3095828 ; 0.1912
141.7 ; 9 ; 0.09 ; 0.3089610 ; 0.3083582 ; 0.2003
156.1 ; 10 ; 0.05 ; 0.3086008 ; 0.3079025 ; 0.2001
170.4 ; 11 ; 0.06 ; 0.3079041 ; 0.3072601 ; 0.2014
185.0 ; 12 ; 0.06 ; 0.3069500 ; 0.3062179 ; 0.2024
199.7 ; 13 ; 0.05 ; 0.3066521 ; 0.3058384 ; 0.2067
214.3 ; 14 ; 0.08 ; 0.3056652 ; 0.3047306 ; 0.2084
228.7 ; 15 ; 0.08 ; 0.3052181 ; 0.3043640 ; 0.2111
243.0 ; 16 ; 0.04 ; 0.3050016 ; 0.3039888 ; 0.2135
257.3 ; 17 ; 0.06 ; 0.3045443 ; 0.3036044 ; 0.2223
271.6 ; 18 ; 0.02 ; 0.3042085 ; 0.3032287 ; 0.2229
286.1 ; 19 ; 0.01 ; 0.3042760 ; 0.3032784 ; 0.2226
300.6 ; 20 ; 0.04 ; 0.3041375 ; 0.3030582 ; 0.2207
315.1 ; 21 ; 0.06 ; 0.3039078 ; 0.3028152 ; 0.2250
329.8 ; 22 ; 0.03 ; 0.3032574 ; 0.3022866 ; 0.2234
344.2 ; 23 ; 0.02 ; 0.3033430 ; 0.3022733 ; 0.2254
358.7 ; 24 ; 0.02 ; 0.3034934 ; 0.3025482 ; 0.2275
373.2 ; 25 ; 0.04 ; 0.3029209 ; 0.3018830 ; 0.2272
387.7 ; 26 ; 0.04 ; 0.3031058 ; 0.3021756 ; 0.2275
402.1 ; 27 ; 0.06 ; 0.3025819 ; 0.3016713 ; 0.2260
416.7 ; 28 ; 0.01 ; 0.3026014 ; 0.3016952 ; 0.2268
431.5 ; 29 ; 0.03 ; 0.3024425 ; 0.3014761 ; 0.2302
446.0 ; 30 ; 0.01 ; 0.3024250 ; 0.3014216 ; 0.2289
460.5 ; 31 ; 0.03 ; 0.3021983 ; 0.3010898 ; 0.2344
475.0 ; 32 ; 0.05 ; 0.3020156 ; 0.3009244 ; 0.2305
489.2 ; 33 ; 0.08 ; 0.3012069 ; 0.3001603 ; 0.2311
503.5 ; 34 ; 0.04 ; 0.3010516 ; 0.3000263 ; 0.2348
517.9 ; 35 ; 0.05 ; 0.3005135 ; 0.2994935 ; 0.2408
532.4 ; 36 ; 0.06 ; 0.3002798 ; 0.2994205 ; 0.2375
547.0 ; 37 ; 0.03 ; 0.2999626 ; 0.2991294 ; 0.2342
561.7 ; 38 ; 0.03 ; 0.2998688 ; 0.2989789 ; 0.2391
576.1 ; 39 ; 0.02 ; 0.2997070 ; 0.2988283 ; 0.2416
sigma=0.010000000000000002
590.5 ; 40 ; 0.00 ; 0.2997070 ; 0.2988283 ; 0.2416
605.0 ; 41 ; 0.31 ; 0.2994465 ; 0.2985453 ; 0.2415
619.3 ; 42 ; 0.30 ; 0.2991993 ; 0.2982887 ; 0.2433
633.6 ; 43 ; 0.27 ; 0.2989352 ; 0.2979804 ; 0.2450
648.1 ; 44 ; 0.23 ; 0.2986849 ; 0.2977555 ; 0.2441
662.2 ; 45 ; 0.21 ; 0.2985478 ; 0.2975969 ; 0.2432
676.6 ; 46 ; 0.19 ; 0.2983508 ; 0.2974308 ; 0.2429
690.9 ; 47 ; 0.27 ; 0.2981531 ; 0.2972311 ; 0.2438
705.3 ; 48 ; 0.27 ; 0.2979510 ; 0.2970456 ; 0.2441
719.6 ; 49 ; 0.13 ; 0.2979071 ; 0.2969729 ; 0.2457
733.9 ; 50 ; 0.21 ; 0.2977090 ; 0.2967890 ; 0.2454
748.3 ; 51 ; 0.20 ; 0.2975588 ; 0.2966212 ; 0.2469
762.7 ; 52 ; 0.16 ; 0.2973953 ; 0.2964617 ; 0.2464
777.3 ; 53 ; 0.17 ; 0.2973455 ; 0.2963962 ; 0.2466
791.8 ; 54 ; 0.18 ; 0.2971356 ; 0.2962287 ; 0.2487
806.2 ; 55 ; 0.17 ; 0.2970137 ; 0.2960827 ; 0.2498
820.7 ; 56 ; 0.23 ; 0.2969099 ; 0.2959691 ; 0.2489
835.0 ; 57 ; 0.27 ; 0.2967613 ; 0.2958021 ; 0.2493
849.5 ; 58 ; 0.18 ; 0.2965467 ; 0.2956167 ; 0.2497
863.9 ; 59 ; 0.22 ; 0.2964155 ; 0.2954521 ; 0.2500
878.5 ; 60 ; 0.25 ; 0.2962799 ; 0.2952906 ; 0.2506
893.2 ; 61 ; 0.18 ; 0.2961632 ; 0.2951695 ; 0.2505
908.0 ; 62 ; 0.20 ; 0.2959341 ; 0.2949243 ; 0.2504
922.5 ; 63 ; 0.18 ; 0.2958526 ; 0.2948404 ; 0.2518
937.1 ; 64 ; 0.13 ; 0.2957976 ; 0.2947701 ; 0.2525
951.4 ; 65 ; 0.25 ; 0.2955690 ; 0.2945808 ; 0.2521
965.7 ; 66 ; 0.20 ; 0.2955472 ; 0.2945538 ; 0.2524
980.0 ; 67 ; 0.24 ; 0.2953354 ; 0.2943845 ; 0.2535
994.6 ; 68 ; 0.16 ; 0.2952617 ; 0.2942978 ; 0.2529
1009.1 ; 69 ; 0.22 ; 0.2950770 ; 0.2941251 ; 0.2545
1023.7 ; 70 ; 0.14 ; 0.2949660 ; 0.2939883 ; 0.2544
1038.2 ; 71 ; 0.23 ; 0.2948038 ; 0.2938317 ; 0.2552
1052.6 ; 72 ; 0.25 ; 0.2946823 ; 0.2936863 ; 0.2547
1067.0 ; 73 ; 0.11 ; 0.2946439 ; 0.2936225 ; 0.2572
1081.6 ; 74 ; 0.17 ; 0.2945879 ; 0.2935376 ; 0.2600
1095.9 ; 75 ; 0.08 ; 0.2944910 ; 0.2934298 ; 0.2604
1110.6 ; 76 ; 0.15 ; 0.2943696 ; 0.2933361 ; 0.2597
1124.9 ; 77 ; 0.16 ; 0.2941884 ; 0.2931849 ; 0.2590
1139.3 ; 78 ; 0.26 ; 0.2940887 ; 0.2930880 ; 0.2604
1153.8 ; 79 ; 0.19 ; 0.2939624 ; 0.2929676 ; 0.2636
1168.0 ; 80 ; 0.17 ; 0.2938279 ; 0.2928213 ; 0.2644
1182.3 ; 81 ; 0.18 ; 0.2936853 ; 0.2926705 ; 0.2655
1196.7 ; 82 ; 0.13 ; 0.2935213 ; 0.2925477 ; 0.2644
1211.2 ; 83 ; 0.17 ; 0.2934422 ; 0.2924928 ; 0.2654
1225.3 ; 84 ; 0.20 ; 0.2934565 ; 0.2925062 ; 0.2683
1239.8 ; 85 ; 0.16 ; 0.2933025 ; 0.2923841 ; 0.2673
1254.1 ; 86 ; 0.24 ; 0.2931375 ; 0.2922082 ; 0.2672
1268.2 ; 87 ; 0.15 ; 0.2930494 ; 0.2921198 ; 0.2672
1282.3 ; 88 ; 0.24 ; 0.2928810 ; 0.2920029 ; 0.2661
1296.3 ; 89 ; 0.22 ; 0.2928134 ; 0.2919106 ; 0.2673
1310.3 ; 90 ; 0.22 ; 0.2926104 ; 0.2917076 ; 0.2696
1324.6 ; 91 ; 0.21 ; 0.2924716 ; 0.2915538 ; 0.2691
1338.9 ; 92 ; 0.18 ; 0.2924007 ; 0.2914618 ; 0.2697
1353.3 ; 93 ; 0.21 ; 0.2921831 ; 0.2912271 ; 0.2726
1367.6 ; 94 ; 0.16 ; 0.2921428 ; 0.2911837 ; 0.2733
1382.0 ; 95 ; 0.24 ; 0.2920490 ; 0.2911112 ; 0.2740
1396.5 ; 96 ; 0.22 ; 0.2918727 ; 0.2909488 ; 0.2735
1411.2 ; 97 ; 0.15 ; 0.2917503 ; 0.2908265 ; 0.2749
1425.6 ; 98 ; 0.19 ; 0.2915980 ; 0.2906778 ; 0.2742
1440.1 ; 99 ; 0.14 ; 0.2915938 ; 0.2906785 ; 0.2749
1454.6 ; 100 ; 0.08 ; 0.2915241 ; 0.2905985 ; 0.2742
1469.5 ; 101 ; 0.16 ; 0.2914582 ; 0.2905230 ; 0.2758
1483.9 ; 102 ; 0.13 ; 0.2913835 ; 0.2904633 ; 0.2765
1498.1 ; 103 ; 0.22 ; 0.2912740 ; 0.2903195 ; 0.2760
1512.6 ; 104 ; 0.19 ; 0.2911061 ; 0.2901500 ; 0.2781
1526.8 ; 105 ; 0.15 ; 0.2910214 ; 0.2900438 ; 0.2785
1541.0 ; 106 ; 0.20 ; 0.2908508 ; 0.2898838 ; 0.2792
1555.3 ; 107 ; 0.15 ; 0.2906889 ; 0.2896956 ; 0.2777
1569.6 ; 108 ; 0.21 ; 0.2906562 ; 0.2896748 ; 0.2779
1583.9 ; 109 ; 0.22 ; 0.2906069 ; 0.2896356 ; 0.2811
1598.3 ; 110 ; 0.14 ; 0.2904597 ; 0.2895125 ; 0.2811
1612.3 ; 111 ; 0.16 ; 0.2903696 ; 0.2894167 ; 0.2823
1626.9 ; 112 ; 0.18 ; 0.2902503 ; 0.2893029 ; 0.2813
1641.5 ; 113 ; 0.21 ; 0.2901836 ; 0.2892314 ; 0.2819
1655.9 ; 114 ; 0.13 ; 0.2900022 ; 0.2890523 ; 0.2823
1670.1 ; 115 ; 0.21 ; 0.2899430 ; 0.2890053 ; 0.2846
1684.4 ; 116 ; 0.17 ; 0.2898301 ; 0.2888874 ; 0.2832
1698.9 ; 117 ; 0.08 ; 0.2898296 ; 0.2888814 ; 0.2852
1713.4 ; 118 ; 0.12 ; 0.2896954 ; 0.2887423 ; 0.2848
1728.1 ; 119 ; 0.12 ; 0.2896376 ; 0.2886969 ; 0.2859
1742.6 ; 120 ; 0.26 ; 0.2894941 ; 0.2885484 ; 0.2855
1757.1 ; 121 ; 0.15 ; 0.2893410 ; 0.2883970 ; 0.2864
1771.8 ; 122 ; 0.15 ; 0.2893522 ; 0.2883612 ; 0.2861
1786.0 ; 123 ; 0.22 ; 0.2891325 ; 0.2881607 ; 0.2876
1800.5 ; 124 ; 0.25 ; 0.2889811 ; 0.2879864 ; 0.2906
1814.8 ; 125 ; 0.18 ; 0.2887997 ; 0.2878900 ; 0.2901
1829.5 ; 126 ; 0.15 ; 0.2887435 ; 0.2878552 ; 0.2901
1844.1 ; 127 ; 0.14 ; 0.2886088 ; 0.2876721 ; 0.2893
1858.8 ; 128 ; 0.15 ; 0.2885219 ; 0.2876200 ; 0.2894
1873.4 ; 129 ; 0.13 ; 0.2884746 ; 0.2875583 ; 0.2913
1887.6 ; 130 ; 0.22 ; 0.2882527 ; 0.2873321 ; 0.2930
1901.9 ; 131 ; 0.18 ; 0.2882133 ; 0.2872895 ; 0.2928
1916.3 ; 132 ; 0.16 ; 0.2881201 ; 0.2872021 ; 0.2927
1930.4 ; 133 ; 0.09 ; 0.2880153 ; 0.2870933 ; 0.2940
1945.1 ; 134 ; 0.18 ; 0.2878814 ; 0.2869643 ; 0.2955
1959.8 ; 135 ; 0.18 ; 0.2877732 ; 0.2868411 ; 0.2960
1974.1 ; 136 ; 0.13 ; 0.2876075 ; 0.2866631 ; 0.2962
1988.8 ; 137 ; 0.19 ; 0.2875667 ; 0.2865920 ; 0.2984
2003.5 ; 138 ; 0.21 ; 0.2874099 ; 0.2863801 ; 0.2976
2018.0 ; 139 ; 0.15 ; 0.2872663 ; 0.2862946 ; 0.2982
2032.4 ; 140 ; 0.21 ; 0.2870553 ; 0.2861345 ; 0.2984
2046.9 ; 141 ; 0.12 ; 0.2870563 ; 0.2860879 ; 0.2996
2061.2 ; 142 ; 0.14 ; 0.2869221 ; 0.2859739 ; 0.2998
2075.7 ; 143 ; 0.18 ; 0.2867312 ; 0.2858011 ; 0.3001
2090.2 ; 144 ; 0.10 ; 0.2867372 ; 0.2858433 ; 0.2990
2104.9 ; 145 ; 0.09 ; 0.2867194 ; 0.2858396 ; 0.2991
2119.6 ; 146 ; 0.17 ; 0.2866378 ; 0.2857736 ; 0.2982
2133.9 ; 147 ; 0.06 ; 0.2866819 ; 0.2858145 ; 0.3004
2148.4 ; 148 ; 0.21 ; 0.2864904 ; 0.2856276 ; 0.3012
2162.7 ; 149 ; 0.14 ; 0.2864027 ; 0.2855122 ; 0.3023
2177.0 ; 150 ; 0.19 ; 0.2863234 ; 0.2854553 ; 0.3011
2191.4 ; 151 ; 0.14 ; 0.2862237 ; 0.2853656 ; 0.3027
2206.0 ; 152 ; 0.15 ; 0.2860575 ; 0.2851966 ; 0.3036
2220.4 ; 153 ; 0.17 ; 0.2858864 ; 0.2850428 ; 0.3046
2234.9 ; 154 ; 0.16 ; 0.2858604 ; 0.2850134 ; 0.3043
2249.6 ; 155 ; 0.18 ; 0.2857082 ; 0.2848678 ; 0.3055
2264.1 ; 156 ; 0.15 ; 0.2854822 ; 0.2846536 ; 0.3056
2278.7 ; 157 ; 0.15 ; 0.2855851 ; 0.2847875 ; 0.3060
2293.3 ; 158 ; 0.14 ; 0.2853884 ; 0.2845749 ; 0.3068
2307.8 ; 159 ; 0.17 ; 0.2852317 ; 0.2844367 ; 0.3069
2322.5 ; 160 ; 0.13 ; 0.2852479 ; 0.2844694 ; 0.3064
2336.9 ; 161 ; 0.12 ; 0.2851292 ; 0.2843104 ; 0.3053
2351.2 ; 162 ; 0.12 ; 0.2850453 ; 0.2842566 ; 0.3065
2365.5 ; 163 ; 0.16 ; 0.2849171 ; 0.2841749 ; 0.3062
2380.1 ; 164 ; 0.18 ; 0.2847984 ; 0.2840260 ; 0.3076
2394.4 ; 165 ; 0.11 ; 0.2847228 ; 0.2839116 ; 0.3077
2408.7 ; 166 ; 0.15 ; 0.2846631 ; 0.2839025 ; 0.3088
2423.2 ; 167 ; 0.16 ; 0.2844978 ; 0.2837708 ; 0.3091
2437.8 ; 168 ; 0.10 ; 0.2845464 ; 0.2837637 ; 0.3081
2452.6 ; 169 ; 0.13 ; 0.2844610 ; 0.2837081 ; 0.3092
2466.9 ; 170 ; 0.09 ; 0.2844207 ; 0.2836777 ; 0.3094
2481.3 ; 171 ; 0.08 ; 0.2844045 ; 0.2836444 ; 0.3084
2495.6 ; 172 ; 0.14 ; 0.2842500 ; 0.2835173 ; 0.3071
2510.1 ; 173 ; 0.10 ; 0.2842892 ; 0.2835825 ; 0.3085
2524.5 ; 174 ; 0.13 ; 0.2841917 ; 0.2834487 ; 0.3088
2538.9 ; 175 ; 0.08 ; 0.2841472 ; 0.2834136 ; 0.3087
2553.4 ; 176 ; 0.19 ; 0.2840377 ; 0.2832719 ; 0.3083
2567.7 ; 177 ; 0.15 ; 0.2839346 ; 0.2832036 ; 0.3088
2582.1 ; 178 ; 0.07 ; 0.2838615 ; 0.2831424 ; 0.3086
2596.5 ; 179 ; 0.07 ; 0.2838433 ; 0.2831636 ; 0.3098
2610.8 ; 180 ; 0.11 ; 0.2837307 ; 0.2830477 ; 0.3102
2625.3 ; 181 ; 0.21 ; 0.2836776 ; 0.2829679 ; 0.3109
2639.6 ; 182 ; 0.10 ; 0.2836259 ; 0.2829307 ; 0.3095
2654.0 ; 183 ; 0.13 ; 0.2835236 ; 0.2828325 ; 0.3080
2668.4 ; 184 ; 0.12 ; 0.2835506 ; 0.2828903 ; 0.3106
2682.7 ; 185 ; 0.11 ; 0.2834229 ; 0.2827546 ; 0.3118
2697.2 ; 186 ; 0.08 ; 0.2833451 ; 0.2826938 ; 0.3109
2711.6 ; 187 ; 0.10 ; 0.2831970 ; 0.2825569 ; 0.3101
2726.3 ; 188 ; 0.11 ; 0.2831394 ; 0.2824858 ; 0.3121
2740.7 ; 189 ; 0.09 ; 0.2831077 ; 0.2824413 ; 0.3105
2755.2 ; 190 ; 0.12 ; 0.2830203 ; 0.2823529 ; 0.3100
2769.7 ; 191 ; 0.09 ; 0.2829637 ; 0.2822916 ; 0.3121
2784.3 ; 192 ; 0.15 ; 0.2829846 ; 0.2823034 ; 0.3117
2798.6 ; 193 ; 0.12 ; 0.2829106 ; 0.2822317 ; 0.3111
2813.1 ; 194 ; 0.11 ; 0.2827694 ; 0.2821283 ; 0.3138
2827.5 ; 195 ; 0.17 ; 0.2826169 ; 0.2819700 ; 0.3131
2842.0 ; 196 ; 0.10 ; 0.2826550 ; 0.2819696 ; 0.3140
2856.4 ; 197 ; 0.13 ; 0.2826209 ; 0.2818693 ; 0.3140
2871.0 ; 198 ; 0.14 ; 0.2824075 ; 0.2817064 ; 0.3148
2885.5 ; 199 ; 0.13 ; 0.2823307 ; 0.2816530 ; 0.3151
2912.7 ; 201 ; 0.08 ; 0.2821379 ; 0.2814396 ; 0.3155
2927.3 ; 202 ; 0.10 ; 0.2820478 ; 0.2813648 ; 0.3148
2941.7 ; 203 ; 0.22 ; 0.2818912 ; 0.2812010 ; 0.3140
2956.1 ; 204 ; 0.09 ; 0.2820027 ; 0.2812862 ; 0.3152
2970.5 ; 205 ; 0.09 ; 0.2819591 ; 0.2812606 ; 0.3159
2984.9 ; 206 ; 0.09 ; 0.2819281 ; 0.2812325 ; 0.3155
2999.1 ; 207 ; 0.18 ; 0.2818498 ; 0.2812006 ; 0.3158
3013.5 ; 208 ; 0.19 ; 0.2817946 ; 0.2811449 ; 0.3149
3027.9 ; 209 ; 0.08 ; 0.2817245 ; 0.2810597 ; 0.3157
3042.3 ; 210 ; 0.11 ; 0.2817077 ; 0.2810723 ; 0.3166
3056.9 ; 211 ; 0.17 ; 0.2816404 ; 0.2809986 ; 0.3155
3071.5 ; 212 ; 0.07 ; 0.2816187 ; 0.2809621 ; 0.3177
3085.9 ; 213 ; 0.12 ; 0.2814960 ; 0.2808216 ; 0.3179
3100.3 ; 214 ; 0.09 ; 0.2814739 ; 0.2808272 ; 0.3174
3114.6 ; 215 ; 0.13 ; 0.2812784 ; 0.2806514 ; 0.3187
3128.9 ; 216 ; 0.08 ; 0.2812470 ; 0.2806504 ; 0.3189
3143.4 ; 217 ; 0.17 ; 0.2811888 ; 0.2805657 ; 0.3175
3157.8 ; 218 ; 0.14 ; 0.2811099 ; 0.2804964 ; 0.3184
3172.2 ; 219 ; 0.10 ; 0.2811699 ; 0.2805338 ; 0.3182
3186.5 ; 220 ; 0.18 ; 0.2810551 ; 0.2804681 ; 0.3183
3201.1 ; 221 ; 0.09 ; 0.2810087 ; 0.2804139 ; 0.3192
3215.5 ; 222 ; 0.13 ; 0.2808302 ; 0.2801976 ; 0.3206
3229.9 ; 223 ; 0.15 ; 0.2807183 ; 0.2800796 ; 0.3210
3244.6 ; 224 ; 0.06 ; 0.2806930 ; 0.2800450 ; 0.3206
3259.1 ; 225 ; 0.12 ; 0.2806197 ; 0.2799835 ; 0.3223
3273.5 ; 226 ; 0.07 ; 0.2805520 ; 0.2799386 ; 0.3222
3288.1 ; 227 ; 0.13 ; 0.2805455 ; 0.2799446 ; 0.3227
3302.4 ; 228 ; 0.11 ; 0.2804396 ; 0.2798188 ; 0.3223
3316.9 ; 229 ; 0.10 ; 0.2803731 ; 0.2797474 ; 0.3223
3331.5 ; 230 ; 0.13 ; 0.2803686 ; 0.2797246 ; 0.3232
3346.0 ; 231 ; 0.07 ; 0.2802740 ; 0.2796085 ; 0.3244
3360.3 ; 232 ; 0.09 ; 0.2802448 ; 0.2795648 ; 0.3234
3374.8 ; 233 ; 0.09 ; 0.2801214 ; 0.2794682 ; 0.3238
3389.4 ; 234 ; 0.12 ; 0.2800609 ; 0.2794252 ; 0.3238
3404.0 ; 235 ; 0.07 ; 0.2800305 ; 0.2794297 ; 0.3239
3418.7 ; 236 ; 0.04 ; 0.2799831 ; 0.2793743 ; 0.3241
3433.0 ; 237 ; 0.06 ; 0.2799130 ; 0.2793233 ; 0.3248
3447.5 ; 238 ; 0.16 ; 0.2798440 ; 0.2792760 ; 0.3228
3462.0 ; 239 ; 0.13 ; 0.2797919 ; 0.2792383 ; 0.3240
3476.6 ; 240 ; 0.11 ; 0.2796615 ; 0.2790880 ; 0.3248
3491.1 ; 241 ; 0.14 ; 0.2795556 ; 0.2789720 ; 0.3258
3505.6 ; 242 ; 0.11 ; 0.2794491 ; 0.2788561 ; 0.3234
3520.2 ; 243 ; 0.10 ; 0.2794204 ; 0.2788382 ; 0.3247
3534.7 ; 244 ; 0.05 ; 0.2793406 ; 0.2787587 ; 0.3243
3549.2 ; 245 ; 0.09 ; 0.2793293 ; 0.2787259 ; 0.3251
3563.8 ; 246 ; 0.07 ; 0.2791634 ; 0.2785707 ; 0.3266
3578.1 ; 247 ; 0.09 ; 0.2791663 ; 0.2785971 ; 0.3245
3592.7 ; 248 ; 0.10 ; 0.2792080 ; 0.2786265 ; 0.3248
3607.1 ; 249 ; 0.13 ; 0.2790697 ; 0.2785334 ; 0.3268
3621.5 ; 250 ; 0.13 ; 0.2790973 ; 0.2785414 ; 0.3262
3635.8 ; 251 ; 0.08 ; 0.2790503 ; 0.2784882 ; 0.3255
3650.1 ; 252 ; 0.11 ; 0.2788987 ; 0.2783252 ; 0.3268
3664.6 ; 253 ; 0.13 ; 0.2789268 ; 0.2783429 ; 0.3265
3679.2 ; 254 ; 0.09 ; 0.2787717 ; 0.2782002 ; 0.3267
3693.5 ; 255 ; 0.12 ; 0.2787128 ; 0.2781581 ; 0.3274
sigma=0.0010000000000000002
3707.9 ; 256 ; 0.00 ; 0.2787128 ; 0.2781581 ; 0.3274
3722.3 ; 257 ; 0.44 ; 0.2787188 ; 0.2781678 ; 0.3268
3736.6 ; 258 ; 0.39 ; 0.2786925 ; 0.2781430 ; 0.3270
3751.1 ; 259 ; 0.46 ; 0.2786567 ; 0.2781181 ; 0.3268
3765.4 ; 260 ; 0.39 ; 0.2786164 ; 0.2780782 ; 0.3278
3779.7 ; 261 ; 0.39 ; 0.2785848 ; 0.2780500 ; 0.3271
3794.2 ; 262 ; 0.42 ; 0.2785634 ; 0.2780357 ; 0.3277
3808.7 ; 263 ; 0.36 ; 0.2785183 ; 0.2779805 ; 0.3275
3823.2 ; 264 ; 0.35 ; 0.2785014 ; 0.2779705 ; 0.3276
3837.6 ; 265 ; 0.30 ; 0.2784931 ; 0.2779609 ; 0.3283
3852.0 ; 266 ; 0.36 ; 0.2784712 ; 0.2779417 ; 0.3276
3866.5 ; 267 ; 0.42 ; 0.2784315 ; 0.2778985 ; 0.3276
3880.8 ; 268 ; 0.34 ; 0.2784437 ; 0.2779142 ; 0.3276
3895.0 ; 269 ; 0.42 ; 0.2784154 ; 0.2778838 ; 0.3278
3909.5 ; 270 ; 0.32 ; 0.2783995 ; 0.2778637 ; 0.3280
3924.0 ; 271 ; 0.33 ; 0.2783838 ; 0.2778501 ; 0.3281
3938.5 ; 272 ; 0.41 ; 0.2783325 ; 0.2777977 ; 0.3283
3952.9 ; 273 ; 0.44 ; 0.2783612 ; 0.2778314 ; 0.3275
3967.2 ; 274 ; 0.35 ; 0.2783085 ; 0.2777798 ; 0.3277
3981.4 ; 275 ; 0.27 ; 0.2783169 ; 0.2777897 ; 0.3274
3995.7 ; 276 ; 0.31 ; 0.2782855 ; 0.2777532 ; 0.3269
4010.4 ; 277 ; 0.37 ; 0.2782613 ; 0.2777231 ; 0.3271
4024.3 ; 278 ; 0.31 ; 0.2782472 ; 0.2777133 ; 0.3268
4038.6 ; 279 ; 0.32 ; 0.2782449 ; 0.2777088 ; 0.3277
4052.8 ; 280 ; 0.42 ; 0.2781958 ; 0.2776658 ; 0.3272
4067.4 ; 281 ; 0.40 ; 0.2782074 ; 0.2776812 ; 0.3278
4081.9 ; 282 ; 0.38 ; 0.2781722 ; 0.2776361 ; 0.3276
4096.3 ; 283 ; 0.35 ; 0.2781804 ; 0.2776521 ; 0.3282
4110.7 ; 284 ; 0.31 ; 0.2781502 ; 0.2776240 ; 0.3284
4124.9 ; 285 ; 0.41 ; 0.2781171 ; 0.2775880 ; 0.3283
4139.5 ; 286 ; 0.39 ; 0.2781371 ; 0.2776075 ; 0.3287
4154.0 ; 287 ; 0.35 ; 0.2781020 ; 0.2775690 ; 0.3283
4168.3 ; 288 ; 0.35 ; 0.2780710 ; 0.2775401 ; 0.3277
4183.0 ; 289 ; 0.33 ; 0.2780334 ; 0.2775020 ; 0.3271
4197.5 ; 290 ; 0.30 ; 0.2780515 ; 0.2775231 ; 0.3282
4211.9 ; 291 ; 0.43 ; 0.2780201 ; 0.2775062 ; 0.3282
4226.4 ; 292 ; 0.38 ; 0.2779992 ; 0.2774794 ; 0.3286
4241.2 ; 293 ; 0.40 ; 0.2779679 ; 0.2774563 ; 0.3274
4255.8 ; 294 ; 0.28 ; 0.2779535 ; 0.2774480 ; 0.3279
4270.3 ; 295 ; 0.32 ; 0.2779204 ; 0.2774036 ; 0.3272
4284.6 ; 296 ; 0.38 ; 0.2779199 ; 0.2774079 ; 0.3276
4298.9 ; 297 ; 0.47 ; 0.2778772 ; 0.2773561 ; 0.3279
4313.2 ; 298 ; 0.33 ; 0.2778922 ; 0.2773782 ; 0.3278
4327.4 ; 299 ; 0.40 ; 0.2778487 ; 0.2773388 ; 0.3280
4354.7 ; 1 ; 0.37 ; 0.2778219 ; 0.2773074 ; 0.3282
4369.1 ; 2 ; 0.33 ; 0.2778125 ; 0.2773089 ; 0.3287
4383.7 ; 3 ; 0.33 ; 0.2777896 ; 0.2772770 ; 0.3286
4398.2 ; 4 ; 0.26 ; 0.2777627 ; 0.2772504 ; 0.3285
4412.9 ; 5 ; 0.40 ; 0.2777282 ; 0.2772310 ; 0.3282
4427.2 ; 6 ; 0.43 ; 0.2777362 ; 0.2772403 ; 0.3276
4441.9 ; 7 ; 0.36 ; 0.2777097 ; 0.2772069 ; 0.3283
4456.3 ; 8 ; 0.32 ; 0.2776908 ; 0.2771940 ; 0.3283
4470.9 ; 9 ; 0.46 ; 0.2776454 ; 0.2771336 ; 0.3286
4485.4 ; 10 ; 0.32 ; 0.2776413 ; 0.2771341 ; 0.3281
4499.7 ; 11 ; 0.34 ; 0.2776590 ; 0.2771618 ; 0.3284
4514.1 ; 12 ; 0.39 ; 0.2776188 ; 0.2771335 ; 0.3283
4528.5 ; 13 ; 0.31 ; 0.2776004 ; 0.2771162 ; 0.3280
4542.9 ; 14 ; 0.28 ; 0.2776012 ; 0.2771162 ; 0.3282
4557.3 ; 15 ; 0.30 ; 0.2775920 ; 0.2771113 ; 0.3273
4571.6 ; 16 ; 0.44 ; 0.2775531 ; 0.2770710 ; 0.3281
4586.0 ; 17 ; 0.35 ; 0.2775550 ; 0.2770689 ; 0.3281
4600.5 ; 18 ; 0.29 ; 0.2775560 ; 0.2770679 ; 0.3284
4615.0 ; 19 ; 0.41 ; 0.2775129 ; 0.2770227 ; 0.3287
4629.4 ; 20 ; 0.29 ; 0.2774823 ; 0.2769916 ; 0.3279
4643.8 ; 21 ; 0.40 ; 0.2774819 ; 0.2769853 ; 0.3287
4658.2 ; 22 ; 0.45 ; 0.2774573 ; 0.2769613 ; 0.3285
4672.4 ; 23 ; 0.34 ; 0.2774333 ; 0.2769392 ; 0.3279
4686.8 ; 24 ; 0.34 ; 0.2774159 ; 0.2769251 ; 0.3283
4701.3 ; 25 ; 0.35 ; 0.2773959 ; 0.2769125 ; 0.3283
4715.8 ; 26 ; 0.46 ; 0.2773790 ; 0.2768919 ; 0.3277
4730.2 ; 27 ; 0.46 ; 0.2773483 ; 0.2768628 ; 0.3283
4744.7 ; 28 ; 0.45 ; 0.2773210 ; 0.2768411 ; 0.3291
4759.0 ; 29 ; 0.48 ; 0.2773104 ; 0.2768376 ; 0.3296
4773.5 ; 30 ; 0.26 ; 0.2772769 ; 0.2767993 ; 0.3290
4788.0 ; 31 ; 0.35 ; 0.2772843 ; 0.2768114 ; 0.3295
4802.7 ; 32 ; 0.46 ; 0.2772267 ; 0.2767484 ; 0.3298
4817.0 ; 33 ; 0.37 ; 0.2772138 ; 0.2767366 ; 0.3290
4831.6 ; 34 ; 0.31 ; 0.2772255 ; 0.2767471 ; 0.3297
4846.1 ; 35 ; 0.37 ; 0.2771887 ; 0.2767098 ; 0.3294
4860.6 ; 36 ; 0.38 ; 0.2771555 ; 0.2766821 ; 0.3292
4874.8 ; 37 ; 0.37 ; 0.2771239 ; 0.2766472 ; 0.3297
4889.4 ; 38 ; 0.31 ; 0.2771253 ; 0.2766540 ; 0.3295
4903.9 ; 39 ; 0.35 ; 0.2771310 ; 0.2766628 ; 0.3297
4918.3 ; 40 ; 0.39 ; 0.2771069 ; 0.2766346 ; 0.3294
4932.8 ; 41 ; 0.27 ; 0.2770882 ; 0.2766130 ; 0.3300
4947.3 ; 42 ; 0.28 ; 0.2770583 ; 0.2765900 ; 0.3295
4961.7 ; 43 ; 0.33 ; 0.2770363 ; 0.2765780 ; 0.3306
4976.2 ; 44 ; 0.36 ; 0.2770099 ; 0.2765455 ; 0.3306
4990.6 ; 45 ; 0.27 ; 0.2770106 ; 0.2765482 ; 0.3302
5004.8 ; 46 ; 0.31 ; 0.2769882 ; 0.2765221 ; 0.3305
5019.2 ; 47 ; 0.37 ; 0.2769705 ; 0.2765083 ; 0.3299
5033.5 ; 48 ; 0.45 ; 0.2769480 ; 0.2764815 ; 0.3296
5047.9 ; 49 ; 0.36 ; 0.2769476 ; 0.2764850 ; 0.3299
5062.1 ; 50 ; 0.29 ; 0.2769372 ; 0.2764725 ; 0.3304
5076.5 ; 51 ; 0.34 ; 0.2769327 ; 0.2764668 ; 0.3300
5090.8 ; 52 ; 0.28 ; 0.2769048 ; 0.2764435 ; 0.3298
5104.9 ; 53 ; 0.36 ; 0.2769112 ; 0.2764429 ; 0.3305
5119.5 ; 54 ; 0.47 ; 0.2768855 ; 0.2764198 ; 0.3305
5133.9 ; 55 ; 0.25 ; 0.2768704 ; 0.2764073 ; 0.3302
5148.1 ; 56 ; 0.34 ; 0.2768358 ; 0.2763721 ; 0.3311
5162.7 ; 57 ; 0.30 ; 0.2768212 ; 0.2763547 ; 0.3305
5177.3 ; 58 ; 0.27 ; 0.2767950 ; 0.2763263 ; 0.3305
5191.8 ; 59 ; 0.38 ; 0.2767592 ; 0.2762884 ; 0.3306
5206.2 ; 60 ; 0.30 ; 0.2767615 ; 0.2762964 ; 0.3303
5220.4 ; 61 ; 0.33 ; 0.2767342 ; 0.2762680 ; 0.3309
5234.7 ; 62 ; 0.38 ; 0.2767210 ; 0.2762530 ; 0.3316
5249.1 ; 63 ; 0.36 ; 0.2767094 ; 0.2762394 ; 0.3312
5263.5 ; 64 ; 0.35 ; 0.2767045 ; 0.2762396 ; 0.3304
5277.7 ; 65 ; 0.38 ; 0.2766686 ; 0.2762083 ; 0.3307
5292.1 ; 66 ; 0.34 ; 0.2766431 ; 0.2761799 ; 0.3302
5306.6 ; 67 ; 0.29 ; 0.2766154 ; 0.2761462 ; 0.3311
5321.0 ; 68 ; 0.32 ; 0.2766277 ; 0.2761681 ; 0.3306
5335.4 ; 69 ; 0.24 ; 0.2765966 ; 0.2761283 ; 0.3308
5349.7 ; 70 ; 0.45 ; 0.2766033 ; 0.2761359 ; 0.3310
5364.1 ; 71 ; 0.31 ; 0.2765929 ; 0.2761239 ; 0.3301
5378.4 ; 72 ; 0.36 ; 0.2765791 ; 0.2761190 ; 0.3304
5392.7 ; 73 ; 0.36 ; 0.2765599 ; 0.2760956 ; 0.3297
5407.0 ; 74 ; 0.33 ; 0.2765353 ; 0.2760707 ; 0.3297
5421.6 ; 75 ; 0.26 ; 0.2765372 ; 0.2760802 ; 0.3303
5436.0 ; 76 ; 0.30 ; 0.2765378 ; 0.2760803 ; 0.3299
5450.7 ; 77 ; 0.27 ; 0.2765241 ; 0.2760671 ; 0.3300
5465.4 ; 78 ; 0.40 ; 0.2765004 ; 0.2760428 ; 0.3308
5480.0 ; 79 ; 0.32 ; 0.2764756 ; 0.2760261 ; 0.3310
5494.4 ; 80 ; 0.39 ; 0.2764261 ; 0.2759744 ; 0.3304
5509.0 ; 81 ; 0.33 ; 0.2764338 ; 0.2759799 ; 0.3307
5523.5 ; 82 ; 0.34 ; 0.2763995 ; 0.2759396 ; 0.3315
5537.7 ; 83 ; 0.35 ; 0.2763813 ; 0.2759188 ; 0.3317
5552.1 ; 84 ; 0.34 ; 0.2763492 ; 0.2758863 ; 0.3317
5566.8 ; 85 ; 0.31 ; 0.2763387 ; 0.2758798 ; 0.3316
5581.1 ; 86 ; 0.28 ; 0.2763231 ; 0.2758608 ; 0.3314
5595.6 ; 87 ; 0.35 ; 0.2762866 ; 0.2758178 ; 0.3310
5610.1 ; 88 ; 0.33 ; 0.2762806 ; 0.2758205 ; 0.3310
5624.6 ; 89 ; 0.35 ; 0.2762618 ; 0.2758052 ; 0.3309
5639.0 ; 90 ; 0.37 ; 0.2762674 ; 0.2758112 ; 0.3316
5653.5 ; 91 ; 0.36 ; 0.2762499 ; 0.2757993 ; 0.3322
5668.0 ; 92 ; 0.30 ; 0.2762457 ; 0.2757955 ; 0.3314
5682.3 ; 93 ; 0.28 ; 0.2762460 ; 0.2757983 ; 0.3314
5696.7 ; 94 ; 0.52 ; 0.2762143 ; 0.2757669 ; 0.3315
5711.2 ; 95 ; 0.32 ; 0.2761961 ; 0.2757486 ; 0.3316
5725.6 ; 96 ; 0.32 ; 0.2761697 ; 0.2757230 ; 0.3313
5740.3 ; 97 ; 0.29 ; 0.2761552 ; 0.2757109 ; 0.3317
5754.7 ; 98 ; 0.37 ; 0.2761542 ; 0.2757161 ; 0.3320
5769.1 ; 99 ; 0.36 ; 0.2761350 ; 0.2756938 ; 0.3323
5796.2 ; 1 ; 0.34 ; 0.2761296 ; 0.2756898 ; 0.3320
5810.7 ; 2 ; 0.32 ; 0.2760870 ; 0.2756533 ; 0.3327
5825.3 ; 3 ; 0.37 ; 0.2760587 ; 0.2756296 ; 0.3321
5839.8 ; 4 ; 0.43 ; 0.2760528 ; 0.2756359 ; 0.3325
5854.2 ; 5 ; 0.31 ; 0.2760143 ; 0.2755940 ; 0.3323
5868.5 ; 6 ; 0.39 ; 0.2759910 ; 0.2755748 ; 0.3334
5882.8 ; 7 ; 0.34 ; 0.2759942 ; 0.2755762 ; 0.3325
5897.2 ; 8 ; 0.37 ; 0.2759627 ; 0.2755381 ; 0.3323
5911.5 ; 9 ; 0.34 ; 0.2759536 ; 0.2755263 ; 0.3319
5925.8 ; 10 ; 0.37 ; 0.2759241 ; 0.2754968 ; 0.3322
5940.4 ; 11 ; 0.34 ; 0.2759135 ; 0.2754872 ; 0.3324
5954.9 ; 12 ; 0.40 ; 0.2758884 ; 0.2754708 ; 0.3324
5969.5 ; 13 ; 0.50 ; 0.2758697 ; 0.2754526 ; 0.3322
5983.9 ; 14 ; 0.42 ; 0.2758445 ; 0.2754311 ; 0.3325
5998.4 ; 15 ; 0.26 ; 0.2758218 ; 0.2754060 ; 0.3321
6012.9 ; 16 ; 0.34 ; 0.2758232 ; 0.2754198 ; 0.3326
6027.5 ; 17 ; 0.34 ; 0.2757762 ; 0.2753676 ; 0.3319
6042.0 ; 18 ; 0.34 ; 0.2757780 ; 0.2753728 ; 0.3322
6056.2 ; 19 ; 0.39 ; 0.2757556 ; 0.2753511 ; 0.3323
6070.9 ; 20 ; 0.35 ; 0.2757428 ; 0.2753454 ; 0.3328
6085.2 ; 21 ; 0.42 ; 0.2757110 ; 0.2753107 ; 0.3337
6099.7 ; 22 ; 0.26 ; 0.2756888 ; 0.2752914 ; 0.3334
6114.1 ; 23 ; 0.37 ; 0.2756847 ; 0.2752725 ; 0.3335
6128.3 ; 24 ; 0.30 ; 0.2756761 ; 0.2752738 ; 0.3327
6142.9 ; 25 ; 0.29 ; 0.2756604 ; 0.2752561 ; 0.3327
6157.1 ; 26 ; 0.38 ; 0.2756487 ; 0.2752425 ; 0.3329
6171.5 ; 27 ; 0.29 ; 0.2756135 ; 0.2752168 ; 0.3330
6185.9 ; 28 ; 0.33 ; 0.2755815 ; 0.2751733 ; 0.3337
6200.2 ; 29 ; 0.36 ; 0.2755956 ; 0.2751852 ; 0.3344
6214.8 ; 30 ; 0.33 ; 0.2755494 ; 0.2751359 ; 0.3333
6229.2 ; 31 ; 0.30 ; 0.2755530 ; 0.2751336 ; 0.3332
6243.6 ; 32 ; 0.26 ; 0.2755336 ; 0.2751109 ; 0.3335
6257.9 ; 33 ; 0.28 ; 0.2755406 ; 0.2751174 ; 0.3335
6272.0 ; 34 ; 0.37 ; 0.2755159 ; 0.2750985 ; 0.3333
6286.2 ; 35 ; 0.35 ; 0.2755045 ; 0.2750812 ; 0.3342
6300.4 ; 36 ; 0.35 ; 0.2754828 ; 0.2750659 ; 0.3348
6314.8 ; 37 ; 0.33 ; 0.2754639 ; 0.2750423 ; 0.3345
6329.1 ; 38 ; 0.30 ; 0.2754614 ; 0.2750406 ; 0.3344
6343.6 ; 39 ; 0.37 ; 0.2754275 ; 0.2750091 ; 0.3347
6358.1 ; 40 ; 0.37 ; 0.2754103 ; 0.2749968 ; 0.3350
6372.5 ; 41 ; 0.31 ; 0.2753955 ; 0.2749773 ; 0.3349
6387.2 ; 42 ; 0.35 ; 0.2753527 ; 0.2749363 ; 0.3349
6401.6 ; 43 ; 0.38 ; 0.2753728 ; 0.2749694 ; 0.3351
6415.8 ; 44 ; 0.35 ; 0.2753423 ; 0.2749367 ; 0.3344
6430.1 ; 45 ; 0.32 ; 0.2753216 ; 0.2749100 ; 0.3343
6444.6 ; 46 ; 0.31 ; 0.2753166 ; 0.2749040 ; 0.3349
6458.8 ; 47 ; 0.33 ; 0.2752823 ; 0.2748667 ; 0.3353
6473.1 ; 48 ; 0.40 ; 0.2752689 ; 0.2748600 ; 0.3349
6487.2 ; 49 ; 0.39 ; 0.2752573 ; 0.2748577 ; 0.3347
6501.6 ; 50 ; 0.26 ; 0.2752415 ; 0.2748399 ; 0.3347
6516.3 ; 51 ; 0.27 ; 0.2752191 ; 0.2748095 ; 0.3343
6530.6 ; 52 ; 0.26 ; 0.2752209 ; 0.2748113 ; 0.3358
6545.1 ; 53 ; 0.31 ; 0.2752012 ; 0.2747888 ; 0.3350
6559.4 ; 54 ; 0.35 ; 0.2751631 ; 0.2747615 ; 0.3350
6573.9 ; 55 ; 0.44 ; 0.2751391 ; 0.2747385 ; 0.3343
6588.5 ; 56 ; 0.33 ; 0.2751459 ; 0.2747545 ; 0.3343
6603.1 ; 57 ; 0.36 ; 0.2751137 ; 0.2747273 ; 0.3341
6617.5 ; 58 ; 0.32 ; 0.2751338 ; 0.2747509 ; 0.3344
6632.0 ; 59 ; 0.45 ; 0.2751131 ; 0.2747355 ; 0.3349
6646.2 ; 60 ; 0.38 ; 0.2750873 ; 0.2747036 ; 0.3349
6660.5 ; 61 ; 0.40 ; 0.2750965 ; 0.2747119 ; 0.3343
6675.2 ; 62 ; 0.47 ; 0.2750438 ; 0.2746663 ; 0.3344
6689.6 ; 63 ; 0.39 ; 0.2750412 ; 0.2746768 ; 0.3336
6704.1 ; 64 ; 0.34 ; 0.2750243 ; 0.2746557 ; 0.3341
6718.5 ; 65 ; 0.38 ; 0.2749978 ; 0.2746253 ; 0.3346
6732.7 ; 66 ; 0.39 ; 0.2749907 ; 0.2746239 ; 0.3351
6747.2 ; 67 ; 0.26 ; 0.2749669 ; 0.2745892 ; 0.3352
6761.6 ; 68 ; 0.35 ; 0.2749304 ; 0.2745536 ; 0.3342
6776.0 ; 69 ; 0.41 ; 0.2749575 ; 0.2745812 ; 0.3344
6790.4 ; 70 ; 0.36 ; 0.2749339 ; 0.2745544 ; 0.3345
6804.8 ; 71 ; 0.34 ; 0.2749124 ; 0.2745315 ; 0.3351
6819.1 ; 72 ; 0.43 ; 0.2748931 ; 0.2745065 ; 0.3353
6833.7 ; 73 ; 0.27 ; 0.2749100 ; 0.2745364 ; 0.3340
6848.5 ; 74 ; 0.34 ; 0.2748440 ; 0.2744708 ; 0.3346
6862.8 ; 75 ; 0.37 ; 0.2748347 ; 0.2744579 ; 0.3340
6877.1 ; 76 ; 0.39 ; 0.2748186 ; 0.2744479 ; 0.3342
6891.7 ; 77 ; 0.29 ; 0.2748150 ; 0.2744433 ; 0.3338
6906.2 ; 78 ; 0.34 ; 0.2748132 ; 0.2744390 ; 0.3335
6920.8 ; 79 ; 0.39 ; 0.2747818 ; 0.2744065 ; 0.3341
6935.2 ; 80 ; 0.38 ; 0.2747855 ; 0.2744105 ; 0.3342
6949.6 ; 81 ; 0.36 ; 0.2747693 ; 0.2743948 ; 0.3341
6964.1 ; 82 ; 0.36 ; 0.2747384 ; 0.2743642 ; 0.3341
6978.4 ; 83 ; 0.29 ; 0.2747268 ; 0.2743587 ; 0.3346
6992.8 ; 84 ; 0.34 ; 0.2747504 ; 0.2743821 ; 0.3346
7007.3 ; 85 ; 0.30 ; 0.2747313 ; 0.2743592 ; 0.3352
7021.7 ; 86 ; 0.41 ; 0.2746974 ; 0.2743277 ; 0.3354
7035.9 ; 87 ; 0.43 ; 0.2746668 ; 0.2742915 ; 0.3346
7050.1 ; 88 ; 0.32 ; 0.2746784 ; 0.2742976 ; 0.3340
7064.5 ; 89 ; 0.39 ; 0.2746393 ; 0.2742573 ; 0.3347
7078.9 ; 90 ; 0.37 ; 0.2746313 ; 0.2742575 ; 0.3344
7093.3 ; 91 ; 0.32 ; 0.2746090 ; 0.2742286 ; 0.3349
7107.7 ; 92 ; 0.39 ; 0.2746003 ; 0.2742299 ; 0.3342
7122.2 ; 93 ; 0.30 ; 0.2746117 ; 0.2742446 ; 0.3347
7136.7 ; 94 ; 0.31 ; 0.2745957 ; 0.2742325 ; 0.3344
7151.1 ; 95 ; 0.34 ; 0.2745905 ; 0.2742252 ; 0.3344
7165.4 ; 96 ; 0.36 ; 0.2745551 ; 0.2741819 ; 0.3344
7179.8 ; 97 ; 0.37 ; 0.2745328 ; 0.2741632 ; 0.3343
7194.4 ; 98 ; 0.30 ; 0.2745309 ; 0.2741644 ; 0.3347
7208.8 ; 99 ; 0.37 ; 0.2745216 ; 0.2741516 ; 0.3350
7235.8 ; 1 ; 0.26 ; 0.2744978 ; 0.2741370 ; 0.3357
7250.2 ; 2 ; 0.29 ; 0.2744808 ; 0.2741231 ; 0.3361
7264.7 ; 3 ; 0.34 ; 0.2744529 ; 0.2740885 ; 0.3362
7279.0 ; 4 ; 0.31 ; 0.2744194 ; 0.2740513 ; 0.3360
7293.6 ; 5 ; 0.25 ; 0.2744434 ; 0.2740803 ; 0.3357
7308.0 ; 6 ; 0.32 ; 0.2744370 ; 0.2740776 ; 0.3361
7322.3 ; 7 ; 0.38 ; 0.2743888 ; 0.2740231 ; 0.3352
7336.8 ; 8 ; 0.33 ; 0.2743795 ; 0.2740274 ; 0.3356
7351.1 ; 9 ; 0.37 ; 0.2743573 ; 0.2740039 ; 0.3354
7365.6 ; 10 ; 0.30 ; 0.2743302 ; 0.2739796 ; 0.3361
7380.0 ; 11 ; 0.27 ; 0.2743116 ; 0.2739687 ; 0.3355
7394.4 ; 12 ; 0.40 ; 0.2742793 ; 0.2739296 ; 0.3361
7408.7 ; 13 ; 0.36 ; 0.2742537 ; 0.2739087 ; 0.3364
7423.3 ; 14 ; 0.40 ; 0.2742424 ; 0.2739024 ; 0.3357
7437.8 ; 15 ; 0.35 ; 0.2742215 ; 0.2738753 ; 0.3365
7452.5 ; 16 ; 0.32 ; 0.2742243 ; 0.2738843 ; 0.3367
7467.1 ; 17 ; 0.27 ; 0.2742337 ; 0.2738908 ; 0.3367
7481.6 ; 18 ; 0.34 ; 0.2742117 ; 0.2738691 ; 0.3372
7496.1 ; 19 ; 0.36 ; 0.2741701 ; 0.2738425 ; 0.3370
7510.5 ; 20 ; 0.35 ; 0.2741530 ; 0.2738299 ; 0.3370
7524.9 ; 21 ; 0.33 ; 0.2741413 ; 0.2738121 ; 0.3374
7539.4 ; 22 ; 0.31 ; 0.2741419 ; 0.2738267 ; 0.3377
7554.0 ; 23 ; 0.31 ; 0.2741148 ; 0.2737911 ; 0.3369
7568.3 ; 24 ; 0.30 ; 0.2741092 ; 0.2737862 ; 0.3369
7582.6 ; 25 ; 0.38 ; 0.2741038 ; 0.2737910 ; 0.3371
7597.0 ; 26 ; 0.37 ; 0.2740712 ; 0.2737497 ; 0.3380
7611.6 ; 27 ; 0.31 ; 0.2740646 ; 0.2737429 ; 0.3376
7625.9 ; 28 ; 0.32 ; 0.2740623 ; 0.2737405 ; 0.3371
7640.5 ; 29 ; 0.33 ; 0.2740293 ; 0.2737069 ; 0.3369
7655.0 ; 30 ; 0.34 ; 0.2740462 ; 0.2737269 ; 0.3369
7669.4 ; 31 ; 0.37 ; 0.2740089 ; 0.2736922 ; 0.3374
7683.8 ; 32 ; 0.31 ; 0.2740065 ; 0.2736940 ; 0.3377
7698.4 ; 33 ; 0.26 ; 0.2739651 ; 0.2736593 ; 0.3377
7712.8 ; 34 ; 0.41 ; 0.2739731 ; 0.2736652 ; 0.3361
7727.1 ; 35 ; 0.38 ; 0.2739588 ; 0.2736516 ; 0.3369
7741.6 ; 36 ; 0.28 ; 0.2739462 ; 0.2736373 ; 0.3368
7755.9 ; 37 ; 0.32 ; 0.2739261 ; 0.2736224 ; 0.3372
7770.4 ; 38 ; 0.37 ; 0.2739094 ; 0.2736050 ; 0.3378
7784.9 ; 39 ; 0.36 ; 0.2739114 ; 0.2736086 ; 0.3376
7799.4 ; 40 ; 0.36 ; 0.2738830 ; 0.2735839 ; 0.3375
7813.6 ; 41 ; 0.33 ; 0.2738477 ; 0.2735502 ; 0.3390
7827.9 ; 42 ; 0.35 ; 0.2738461 ; 0.2735515 ; 0.3393
7842.2 ; 43 ; 0.39 ; 0.2738310 ; 0.2735391 ; 0.3385
7856.7 ; 44 ; 0.37 ; 0.2737982 ; 0.2734984 ; 0.3382
7871.2 ; 45 ; 0.31 ; 0.2738028 ; 0.2734981 ; 0.3376
7885.8 ; 46 ; 0.25 ; 0.2737847 ; 0.2734764 ; 0.3384
7900.3 ; 47 ; 0.34 ; 0.2737682 ; 0.2734589 ; 0.3388
7914.6 ; 48 ; 0.29 ; 0.2737608 ; 0.2734546 ; 0.3385
7929.1 ; 49 ; 0.33 ; 0.2737300 ; 0.2734266 ; 0.3379
7943.6 ; 50 ; 0.29 ; 0.2737394 ; 0.2734362 ; 0.3384
7958.2 ; 51 ; 0.44 ; 0.2737057 ; 0.2733970 ; 0.3377
7972.9 ; 52 ; 0.33 ; 0.2737138 ; 0.2734074 ; 0.3379
7987.4 ; 53 ; 0.34 ; 0.2736776 ; 0.2733710 ; 0.3377
8001.9 ; 54 ; 0.38 ; 0.2736542 ; 0.2733492 ; 0.3382
8016.1 ; 55 ; 0.44 ; 0.2736343 ; 0.2733271 ; 0.3385
8030.8 ; 56 ; 0.40 ; 0.2736130 ; 0.2733132 ; 0.3378
8045.0 ; 57 ; 0.42 ; 0.2735973 ; 0.2733025 ; 0.3380
8059.7 ; 58 ; 0.32 ; 0.2735986 ; 0.2733053 ; 0.3376
8074.0 ; 59 ; 0.39 ; 0.2735702 ; 0.2732678 ; 0.3385
8088.4 ; 60 ; 0.35 ; 0.2735485 ; 0.2732411 ; 0.3391
8102.9 ; 61 ; 0.28 ; 0.2735245 ; 0.2732151 ; 0.3386
8117.2 ; 62 ; 0.35 ; 0.2735294 ; 0.2732222 ; 0.3370
8131.7 ; 63 ; 0.30 ; 0.2734905 ; 0.2731768 ; 0.3384
8146.4 ; 64 ; 0.37 ; 0.2734681 ; 0.2731494 ; 0.3394
8161.0 ; 65 ; 0.31 ; 0.2734643 ; 0.2731534 ; 0.3390
8175.3 ; 66 ; 0.29 ; 0.2734841 ; 0.2731720 ; 0.3383
8189.9 ; 67 ; 0.33 ; 0.2734687 ; 0.2731625 ; 0.3387
8204.3 ; 68 ; 0.26 ; 0.2734533 ; 0.2731463 ; 0.3379
8218.9 ; 69 ; 0.36 ; 0.2734185 ; 0.2731185 ; 0.3385
8233.6 ; 70 ; 0.36 ; 0.2734139 ; 0.2731101 ; 0.3383
8248.1 ; 71 ; 0.28 ; 0.2733992 ; 0.2730933 ; 0.3392
8262.6 ; 72 ; 0.32 ; 0.2733667 ; 0.2730676 ; 0.3391
8277.2 ; 73 ; 0.34 ; 0.2733529 ; 0.2730596 ; 0.3392
8291.7 ; 74 ; 0.36 ; 0.2733382 ; 0.2730526 ; 0.3390
8306.0 ; 75 ; 0.26 ; 0.2733333 ; 0.2730409 ; 0.3396
8320.4 ; 76 ; 0.28 ; 0.2733394 ; 0.2730485 ; 0.3397
8335.0 ; 77 ; 0.35 ; 0.2732893 ; 0.2729963 ; 0.3395
8349.4 ; 78 ; 0.29 ; 0.2732987 ; 0.2730084 ; 0.3391
8363.7 ; 79 ; 0.32 ; 0.2732826 ; 0.2729996 ; 0.3385
8377.9 ; 80 ; 0.32 ; 0.2732686 ; 0.2729869 ; 0.3398
8392.3 ; 81 ; 0.35 ; 0.2732528 ; 0.2729726 ; 0.3408
8406.7 ; 82 ; 0.26 ; 0.2732417 ; 0.2729608 ; 0.3398
8421.0 ; 83 ; 0.28 ; 0.2732473 ; 0.2729684 ; 0.3391
8435.4 ; 84 ; 0.46 ; 0.2732055 ; 0.2729222 ; 0.3397
8449.7 ; 85 ; 0.37 ; 0.2732021 ; 0.2729233 ; 0.3385
8464.1 ; 86 ; 0.39 ; 0.2732042 ; 0.2729272 ; 0.3386
8478.6 ; 87 ; 0.34 ; 0.2731881 ; 0.2729149 ; 0.3399
8492.9 ; 88 ; 0.32 ; 0.2731811 ; 0.2729025 ; 0.3396
8507.3 ; 89 ; 0.28 ; 0.2731813 ; 0.2729002 ; 0.3392
8521.6 ; 90 ; 0.40 ; 0.2731701 ; 0.2728885 ; 0.3392
8536.0 ; 91 ; 0.43 ; 0.2731531 ; 0.2728782 ; 0.3399
8550.5 ; 92 ; 0.37 ; 0.2731421 ; 0.2728671 ; 0.3395
8565.1 ; 93 ; 0.29 ; 0.2731335 ; 0.2728521 ; 0.3400
8579.6 ; 94 ; 0.22 ; 0.2731755 ; 0.2728936 ; 0.3395
8593.9 ; 95 ; 0.36 ; 0.2731316 ; 0.2728462 ; 0.3403
8608.4 ; 96 ; 0.36 ; 0.2731153 ; 0.2728260 ; 0.3418
8622.8 ; 97 ; 0.28 ; 0.2731064 ; 0.2728212 ; 0.3403
8637.1 ; 98 ; 0.34 ; 0.2730941 ; 0.2728095 ; 0.3403
8651.5 ; 99 ; 0.33 ; 0.2730793 ; 0.2727918 ; 0.3407
8681.3 ; 1 ; 0.47 ; 0.3866803 ; 0.3843835 ; 0.1138
8697.5 ; 2 ; 0.49 ; 0.3856548 ; 0.3833525 ; 0.1143
8713.6 ; 3 ; 0.47 ; 0.3846513 ; 0.3823172 ; 0.1139
8729.8 ; 4 ; 0.46 ; 0.3841273 ; 0.3817604 ; 0.1137
8745.9 ; 5 ; 0.51 ; 0.3835282 ; 0.3810940 ; 0.1145
8761.8 ; 6 ; 0.51 ; 0.3827453 ; 0.3802325 ; 0.1142
8777.7 ; 7 ; 0.42 ; 0.3820432 ; 0.3794788 ; 0.1138
8793.5 ; 8 ; 0.43 ; 0.3815043 ; 0.3788956 ; 0.1121
8809.4 ; 9 ; 0.51 ; 0.3808729 ; 0.3782015 ; 0.1115
8825.5 ; 10 ; 0.48 ; 0.3802882 ; 0.3775904 ; 0.1104
8841.5 ; 11 ; 0.44 ; 0.3797467 ; 0.3770476 ; 0.1090
8857.5 ; 12 ; 0.54 ; 0.3790873 ; 0.3764105 ; 0.1068
8873.5 ; 13 ; 0.53 ; 0.3786052 ; 0.3759009 ; 0.1082
8889.7 ; 14 ; 0.47 ; 0.3782735 ; 0.3754352 ; 0.1073
8905.7 ; 15 ; 0.50 ; 0.3780129 ; 0.3751097 ; 0.1071
8921.4 ; 16 ; 0.48 ; 0.3777273 ; 0.3748132 ; 0.1080
8937.6 ; 17 ; 0.52 ; 0.3775030 ; 0.3745504 ; 0.1084
8953.8 ; 18 ; 0.47 ; 0.3772948 ; 0.3743583 ; 0.1078
8969.9 ; 19 ; 0.37 ; 0.3771914 ; 0.3742270 ; 0.1084
8986.0 ; 20 ; 0.35 ; 0.3770466 ; 0.3740680 ; 0.1087
9001.9 ; 21 ; 0.44 ; 0.3767623 ; 0.3737996 ; 0.1084
9018.1 ; 22 ; 0.43 ; 0.3766135 ; 0.3735967 ; 0.1096
9034.0 ; 23 ; 0.50 ; 0.3764134 ; 0.3734157 ; 0.1092
9050.1 ; 24 ; 0.49 ; 0.3762079 ; 0.3731640 ; 0.1102
9066.2 ; 25 ; 0.47 ; 0.3759814 ; 0.3729400 ; 0.1102
9082.2 ; 26 ; 0.44 ; 0.3758644 ; 0.3728009 ; 0.1107
9097.8 ; 27 ; 0.42 ; 0.3756395 ; 0.3725403 ; 0.1116
9113.7 ; 28 ; 0.43 ; 0.3754389 ; 0.3723638 ; 0.1105
9129.3 ; 29 ; 0.49 ; 0.3752085 ; 0.3721054 ; 0.1112
9144.9 ; 30 ; 0.50 ; 0.3749848 ; 0.3719083 ; 0.1107
9160.6 ; 31 ; 0.38 ; 0.3748291 ; 0.3717341 ; 0.1113
9176.8 ; 32 ; 0.44 ; 0.3747330 ; 0.3716265 ; 0.1117
9192.6 ; 33 ; 0.53 ; 0.3744177 ; 0.3712975 ; 0.1118
9208.6 ; 34 ; 0.56 ; 0.3742255 ; 0.3711414 ; 0.1117
9224.2 ; 35 ; 0.47 ; 0.3739563 ; 0.3708214 ; 0.1120
9240.2 ; 36 ; 0.49 ; 0.3738627 ; 0.3707323 ; 0.1127
9256.1 ; 37 ; 0.47 ; 0.3736475 ; 0.3705339 ; 0.1132
9271.7 ; 38 ; 0.45 ; 0.3735341 ; 0.3703997 ; 0.1135
9287.4 ; 39 ; 0.44 ; 0.3734299 ; 0.3702859 ; 0.1142
9303.2 ; 40 ; 0.49 ; 0.3730634 ; 0.3699900 ; 0.1136
9319.2 ; 41 ; 0.43 ; 0.3729278 ; 0.3697946 ; 0.1135
9335.1 ; 42 ; 0.49 ; 0.3728236 ; 0.3696639 ; 0.1142
9351.0 ; 43 ; 0.46 ; 0.3724652 ; 0.3693548 ; 0.1139
9366.8 ; 44 ; 0.42 ; 0.3723359 ; 0.3692057 ; 0.1155
9382.7 ; 45 ; 0.47 ; 0.3721112 ; 0.3689744 ; 0.1150
9398.5 ; 46 ; 0.49 ; 0.3719392 ; 0.3687971 ; 0.1151
9414.4 ; 47 ; 0.56 ; 0.3716947 ; 0.3685588 ; 0.1161
9430.3 ; 48 ; 0.51 ; 0.3714123 ; 0.3682887 ; 0.1165
9446.0 ; 49 ; 0.52 ; 0.3712234 ; 0.3681050 ; 0.1172
9461.8 ; 50 ; 0.41 ; 0.3710848 ; 0.3679491 ; 0.1170
9477.4 ; 51 ; 0.49 ; 0.3709443 ; 0.3678364 ; 0.1173
9493.4 ; 52 ; 0.50 ; 0.3706879 ; 0.3675526 ; 0.1181
9509.7 ; 53 ; 0.43 ; 0.3704880 ; 0.3673529 ; 0.1176
9525.5 ; 54 ; 0.53 ; 0.3703043 ; 0.3671446 ; 0.1180
9541.3 ; 55 ; 0.38 ; 0.3703149 ; 0.3671284 ; 0.1186
9557.2 ; 56 ; 0.48 ; 0.3701167 ; 0.3669161 ; 0.1193
9573.1 ; 57 ; 0.42 ; 0.3699199 ; 0.3666939 ; 0.1199
9589.2 ; 58 ; 0.38 ; 0.3697697 ; 0.3665220 ; 0.1197
9605.4 ; 59 ; 0.40 ; 0.3696241 ; 0.3663981 ; 0.1200
9621.2 ; 60 ; 0.52 ; 0.3693964 ; 0.3661364 ; 0.1204
9636.9 ; 61 ; 0.47 ; 0.3692194 ; 0.3659578 ; 0.1211
9652.4 ; 62 ; 0.44 ; 0.3691152 ; 0.3658612 ; 0.1209
9668.3 ; 63 ; 0.40 ; 0.3689951 ; 0.3657289 ; 0.1210
9684.1 ; 64 ; 0.45 ; 0.3688062 ; 0.3655078 ; 0.1214
9699.8 ; 65 ; 0.35 ; 0.3687168 ; 0.3654282 ; 0.1220
9715.5 ; 66 ; 0.40 ; 0.3685380 ; 0.3652222 ; 0.1217
9731.8 ; 67 ; 0.44 ; 0.3684249 ; 0.3651071 ; 0.1221
9748.1 ; 68 ; 0.44 ; 0.3683106 ; 0.3649769 ; 0.1222
9763.8 ; 69 ; 0.44 ; 0.3681286 ; 0.3648007 ; 0.1212
9779.7 ; 70 ; 0.46 ; 0.3679798 ; 0.3646432 ; 0.1220
9795.6 ; 71 ; 0.48 ; 0.3678692 ; 0.3645041 ; 0.1218
9811.6 ; 72 ; 0.53 ; 0.3677223 ; 0.3643528 ; 0.1223
9827.3 ; 73 ; 0.41 ; 0.3675403 ; 0.3641599 ; 0.1226
9843.1 ; 74 ; 0.37 ; 0.3675243 ; 0.3641219 ; 0.1232
9859.1 ; 75 ; 0.45 ; 0.3673371 ; 0.3639020 ; 0.1231
9874.9 ; 76 ; 0.52 ; 0.3671660 ; 0.3637127 ; 0.1232
9890.6 ; 77 ; 0.44 ; 0.3670876 ; 0.3636357 ; 0.1232
9906.5 ; 78 ; 0.45 ; 0.3669447 ; 0.3634764 ; 0.1229
9922.7 ; 79 ; 0.40 ; 0.3667675 ; 0.3632917 ; 0.1232
9938.4 ; 80 ; 0.53 ; 0.3666606 ; 0.3631601 ; 0.1238
9954.6 ; 81 ; 0.41 ; 0.3665239 ; 0.3630067 ; 0.1243
9970.7 ; 82 ; 0.43 ; 0.3663568 ; 0.3628346 ; 0.1243
9986.6 ; 83 ; 0.42 ; 0.3662486 ; 0.3627129 ; 0.1241
10002.7 ; 84 ; 0.50 ; 0.3661399 ; 0.3626106 ; 0.1243
10018.7 ; 85 ; 0.46 ; 0.3659720 ; 0.3624449 ; 0.1241
10034.8 ; 86 ; 0.53 ; 0.3659027 ; 0.3623440 ; 0.1254
10050.9 ; 87 ; 0.46 ; 0.3657362 ; 0.3621624 ; 0.1249
10066.6 ; 88 ; 0.35 ; 0.3656160 ; 0.3620463 ; 0.1251
10082.8 ; 89 ; 0.43 ; 0.3654527 ; 0.3618759 ; 0.1261
10099.2 ; 90 ; 0.51 ; 0.3652759 ; 0.3616839 ; 0.1251
10114.9 ; 91 ; 0.41 ; 0.3652072 ; 0.3615956 ; 0.1257
10130.7 ; 92 ; 0.47 ; 0.3651120 ; 0.3614847 ; 0.1257
10146.1 ; 93 ; 0.42 ; 0.3649273 ; 0.3612992 ; 0.1261
10161.1 ; 94 ; 0.33 ; 0.3649153 ; 0.3612476 ; 0.1271
10176.1 ; 95 ; 0.46 ; 0.3647586 ; 0.3610825 ; 0.1265
10191.8 ; 96 ; 0.42 ; 0.3645958 ; 0.3608954 ; 0.1262
10207.3 ; 97 ; 0.42 ; 0.3644866 ; 0.3607559 ; 0.1266
10222.8 ; 98 ; 0.34 ; 0.3644445 ; 0.3607160 ; 0.1270
10238.2 ; 99 ; 0.40 ; 0.3643196 ; 0.3605739 ; 0.1268
10254.1 ; 100 ; 0.43 ; 0.3642245 ; 0.3604770 ; 0.1267
10270.3 ; 101 ; 0.40 ; 0.3641167 ; 0.3603716 ; 0.1265
10286.2 ; 102 ; 0.43 ; 0.3639751 ; 0.3602239 ; 0.1263
10302.1 ; 103 ; 0.47 ; 0.3638011 ; 0.3600264 ; 0.1261
10318.3 ; 104 ; 0.47 ; 0.3636819 ; 0.3598907 ; 0.1272
10334.1 ; 105 ; 0.45 ; 0.3635526 ; 0.3597381 ; 0.1275
10349.9 ; 106 ; 0.41 ; 0.3634044 ; 0.3595783 ; 0.1273
10365.9 ; 107 ; 0.40 ; 0.3632678 ; 0.3594275 ; 0.1274
10381.5 ; 108 ; 0.49 ; 0.3631078 ; 0.3592713 ; 0.1278
10397.2 ; 109 ; 0.53 ; 0.3629196 ; 0.3590697 ; 0.1279
10412.8 ; 110 ; 0.41 ; 0.3628509 ; 0.3589887 ; 0.1277
10428.9 ; 111 ; 0.50 ; 0.3626228 ; 0.3587583 ; 0.1286
10444.7 ; 112 ; 0.44 ; 0.3625461 ; 0.3586852 ; 0.1282
10460.3 ; 113 ; 0.45 ; 0.3623713 ; 0.3585003 ; 0.1277
10476.1 ; 114 ; 0.47 ; 0.3622121 ; 0.3583373 ; 0.1279
10491.6 ; 115 ; 0.50 ; 0.3620086 ; 0.3581227 ; 0.1274
10507.2 ; 116 ; 0.37 ; 0.3618406 ; 0.3579463 ; 0.1280
10522.5 ; 117 ; 0.45 ; 0.3616135 ; 0.3576866 ; 0.1267
10538.2 ; 118 ; 0.44 ; 0.3614232 ; 0.3574903 ; 0.1277
10554.0 ; 119 ; 0.51 ; 0.3610165 ; 0.3570789 ; 0.1275
10569.8 ; 120 ; 0.45 ; 0.3607182 ; 0.3567659 ; 0.1285
10585.3 ; 121 ; 0.40 ; 0.3604241 ; 0.3564653 ; 0.1286
10600.9 ; 122 ; 0.45 ; 0.3600287 ; 0.3560690 ; 0.1296
10616.5 ; 123 ; 0.46 ; 0.3597093 ; 0.3557666 ; 0.1296
10631.9 ; 124 ; 0.40 ; 0.3594071 ; 0.3554633 ; 0.1307
10647.3 ; 125 ; 0.34 ; 0.3592231 ; 0.3552963 ; 0.1313
10662.5 ; 126 ; 0.43 ; 0.3588918 ; 0.3549674 ; 0.1318
10677.6 ; 127 ; 0.47 ; 0.3586586 ; 0.3547394 ; 0.1316
10692.7 ; 128 ; 0.47 ; 0.3584465 ; 0.3545515 ; 0.1320
10707.9 ; 129 ; 0.43 ; 0.3581431 ; 0.3542472 ; 0.1329
10723.6 ; 130 ; 0.38 ; 0.3578566 ; 0.3539603 ; 0.1329
10739.4 ; 131 ; 0.47 ; 0.3576945 ; 0.3538136 ; 0.1350
10755.1 ; 132 ; 0.45 ; 0.3574563 ; 0.3535953 ; 0.1360
10770.9 ; 133 ; 0.51 ; 0.3571841 ; 0.3533233 ; 0.1369
10786.7 ; 134 ; 0.41 ; 0.3569540 ; 0.3531007 ; 0.1387
10802.4 ; 135 ; 0.49 ; 0.3566286 ; 0.3527942 ; 0.1379
10817.9 ; 136 ; 0.50 ; 0.3563581 ; 0.3525585 ; 0.1382
10834.2 ; 137 ; 0.46 ; 0.3560709 ; 0.3523016 ; 0.1386
10850.2 ; 138 ; 0.49 ; 0.3558312 ; 0.3520920 ; 0.1385
10866.1 ; 139 ; 0.47 ; 0.3555802 ; 0.3518558 ; 0.1392
10882.3 ; 140 ; 0.40 ; 0.3554045 ; 0.3516885 ; 0.1398
10898.1 ; 141 ; 0.56 ; 0.3550527 ; 0.3513333 ; 0.1397
10914.0 ; 142 ; 0.45 ; 0.3548223 ; 0.3511400 ; 0.1409
10929.9 ; 143 ; 0.53 ; 0.3546145 ; 0.3509429 ; 0.1406
10946.0 ; 144 ; 0.45 ; 0.3542652 ; 0.3505917 ; 0.1408
10962.0 ; 145 ; 0.43 ; 0.3540656 ; 0.3504212 ; 0.1402
10977.9 ; 146 ; 0.44 ; 0.3538894 ; 0.3502962 ; 0.1406
10993.8 ; 147 ; 0.45 ; 0.3535462 ; 0.3499550 ; 0.1407
11009.5 ; 148 ; 0.55 ; 0.3532877 ; 0.3497485 ; 0.1411
11025.1 ; 149 ; 0.43 ; 0.3530668 ; 0.3495438 ; 0.1414
11040.9 ; 150 ; 0.51 ; 0.3528068 ; 0.3492749 ; 0.1420
11056.8 ; 151 ; 0.51 ; 0.3524767 ; 0.3489644 ; 0.1415
11072.6 ; 152 ; 0.41 ; 0.3522505 ; 0.3487190 ; 0.1423
11088.6 ; 153 ; 0.45 ; 0.3520661 ; 0.3485913 ; 0.1424
11104.7 ; 154 ; 0.52 ; 0.3517672 ; 0.3482821 ; 0.1440
11120.9 ; 155 ; 0.47 ; 0.3515143 ; 0.3480373 ; 0.1441
11136.5 ; 156 ; 0.43 ; 0.3513759 ; 0.3479377 ; 0.1450
11152.3 ; 157 ; 0.47 ; 0.3511301 ; 0.3476954 ; 0.1452
11168.2 ; 158 ; 0.52 ; 0.3508644 ; 0.3474504 ; 0.1452
11183.8 ; 159 ; 0.46 ; 0.3506208 ; 0.3472770 ; 0.1457
11199.3 ; 160 ; 0.49 ; 0.3504323 ; 0.3470536 ; 0.1455
11214.8 ; 161 ; 0.42 ; 0.3502256 ; 0.3468558 ; 0.1457
11230.2 ; 162 ; 0.35 ; 0.3500647 ; 0.3466927 ; 0.1454
11246.3 ; 163 ; 0.45 ; 0.3498349 ; 0.3464706 ; 0.1457
11262.2 ; 164 ; 0.47 ; 0.3495996 ; 0.3462608 ; 0.1458
11278.3 ; 165 ; 0.40 ; 0.3493737 ; 0.3460279 ; 0.1467
11294.0 ; 166 ; 0.53 ; 0.3491551 ; 0.3458555 ; 0.1475
11310.0 ; 167 ; 0.45 ; 0.3489266 ; 0.3456340 ; 0.1484
11325.9 ; 168 ; 0.41 ; 0.3487310 ; 0.3454373 ; 0.1484
11341.8 ; 169 ; 0.42 ; 0.3484063 ; 0.3451252 ; 0.1494
11357.4 ; 170 ; 0.38 ; 0.3483021 ; 0.3450308 ; 0.1502
11372.8 ; 171 ; 0.47 ; 0.3480528 ; 0.3447837 ; 0.1500
11388.8 ; 172 ; 0.53 ; 0.3477069 ; 0.3444464 ; 0.1502
11404.5 ; 173 ; 0.54 ; 0.3474696 ; 0.3442304 ; 0.1506
11420.4 ; 174 ; 0.49 ; 0.3472163 ; 0.3439565 ; 0.1509
11435.8 ; 175 ; 0.49 ; 0.3469701 ; 0.3437425 ; 0.1508
11451.0 ; 176 ; 0.39 ; 0.3467819 ; 0.3435346 ; 0.1510
11466.5 ; 177 ; 0.40 ; 0.3466571 ; 0.3434329 ; 0.1511
11482.2 ; 178 ; 0.35 ; 0.3464693 ; 0.3432779 ; 0.1510
11498.0 ; 179 ; 0.47 ; 0.3462066 ; 0.3429970 ; 0.1508
11513.5 ; 180 ; 0.43 ; 0.3459985 ; 0.3427752 ; 0.1518
11528.9 ; 181 ; 0.51 ; 0.3457514 ; 0.3425957 ; 0.1521
11544.6 ; 182 ; 0.42 ; 0.3455561 ; 0.3423098 ; 0.1528
11560.1 ; 183 ; 0.45 ; 0.3453362 ; 0.3421446 ; 0.1529
11575.8 ; 184 ; 0.46 ; 0.3450876 ; 0.3418837 ; 0.1532
11591.4 ; 185 ; 0.40 ; 0.3449036 ; 0.3417275 ; 0.1526
11607.1 ; 186 ; 0.42 ; 0.3446628 ; 0.3414895 ; 0.1532
11622.6 ; 187 ; 0.41 ; 0.3445356 ; 0.3414065 ; 0.1533
11637.9 ; 188 ; 0.47 ; 0.3442435 ; 0.3411216 ; 0.1542
11653.7 ; 189 ; 0.49 ; 0.3441069 ; 0.3409963 ; 0.1548
11669.5 ; 190 ; 0.45 ; 0.3439262 ; 0.3408165 ; 0.1551
11685.4 ; 191 ; 0.38 ; 0.3436898 ; 0.3405598 ; 0.1558
11701.0 ; 192 ; 0.44 ; 0.3435222 ; 0.3404459 ; 0.1547
11716.4 ; 193 ; 0.41 ; 0.3432717 ; 0.3401918 ; 0.1552
11731.8 ; 194 ; 0.39 ; 0.3430911 ; 0.3400310 ; 0.1555
11747.4 ; 195 ; 0.46 ; 0.3429195 ; 0.3398313 ; 0.1569
11762.8 ; 196 ; 0.45 ; 0.3427125 ; 0.3396212 ; 0.1567
11778.1 ; 197 ; 0.41 ; 0.3425361 ; 0.3394936 ; 0.1588
11793.4 ; 198 ; 0.49 ; 0.3424042 ; 0.3394079 ; 0.1578
11809.2 ; 199 ; 0.51 ; 0.3421712 ; 0.3391547 ; 0.1586
11838.5 ; 201 ; 0.52 ; 0.3416714 ; 0.3387139 ; 0.1591
11854.3 ; 202 ; 0.45 ; 0.3414777 ; 0.3385209 ; 0.1594
11870.2 ; 203 ; 0.43 ; 0.3413319 ; 0.3383643 ; 0.1599
11886.0 ; 204 ; 0.51 ; 0.3410674 ; 0.3381263 ; 0.1598
11901.7 ; 205 ; 0.46 ; 0.3409349 ; 0.3380023 ; 0.1602
11917.0 ; 206 ; 0.45 ; 0.3407361 ; 0.3377552 ; 0.1605
11932.4 ; 207 ; 0.40 ; 0.3405520 ; 0.3376353 ; 0.1606
11948.1 ; 208 ; 0.41 ; 0.3403803 ; 0.3374582 ; 0.1607
11963.7 ; 209 ; 0.47 ; 0.3402979 ; 0.3374140 ; 0.1623
11979.3 ; 210 ; 0.44 ; 0.3400406 ; 0.3371506 ; 0.1629
11994.8 ; 211 ; 0.48 ; 0.3398382 ; 0.3369588 ; 0.1636
12010.3 ; 212 ; 0.49 ; 0.3397694 ; 0.3369289 ; 0.1629
12025.9 ; 213 ; 0.49 ; 0.3396026 ; 0.3368114 ; 0.1630
12041.9 ; 214 ; 0.42 ; 0.3393853 ; 0.3365707 ; 0.1643
12057.9 ; 215 ; 0.50 ; 0.3393016 ; 0.3365401 ; 0.1642
12073.7 ; 216 ; 0.46 ; 0.3391393 ; 0.3363491 ; 0.1645
12089.5 ; 217 ; 0.44 ; 0.3389646 ; 0.3362114 ; 0.1647
12105.2 ; 218 ; 0.48 ; 0.3388224 ; 0.3360962 ; 0.1643
12121.2 ; 219 ; 0.38 ; 0.3387241 ; 0.3359883 ; 0.1644
12137.3 ; 220 ; 0.36 ; 0.3385520 ; 0.3358098 ; 0.1652
12152.8 ; 221 ; 0.39 ; 0.3384167 ; 0.3356968 ; 0.1651
12168.4 ; 222 ; 0.38 ; 0.3382441 ; 0.3355200 ; 0.1649
12184.4 ; 223 ; 0.49 ; 0.3381141 ; 0.3354344 ; 0.1644
12200.1 ; 224 ; 0.33 ; 0.3380333 ; 0.3353245 ; 0.1654
12215.7 ; 225 ; 0.50 ; 0.3378330 ; 0.3351433 ; 0.1653
12231.2 ; 226 ; 0.43 ; 0.3377316 ; 0.3350737 ; 0.1655
12246.7 ; 227 ; 0.48 ; 0.3375674 ; 0.3349656 ; 0.1652
12262.3 ; 228 ; 0.43 ; 0.3374154 ; 0.3348270 ; 0.1649
12277.8 ; 229 ; 0.43 ; 0.3372510 ; 0.3346332 ; 0.1659
12293.7 ; 230 ; 0.42 ; 0.3371099 ; 0.3345232 ; 0.1655
12310.0 ; 231 ; 0.54 ; 0.3369317 ; 0.3343245 ; 0.1661
12325.8 ; 232 ; 0.48 ; 0.3367095 ; 0.3341239 ; 0.1665
12341.3 ; 233 ; 0.41 ; 0.3366034 ; 0.3340947 ; 0.1656
12357.1 ; 234 ; 0.44 ; 0.3364136 ; 0.3339123 ; 0.1659
12373.2 ; 235 ; 0.46 ; 0.3362706 ; 0.3337360 ; 0.1663
12389.0 ; 236 ; 0.39 ; 0.3361486 ; 0.3336533 ; 0.1659
12404.9 ; 237 ; 0.43 ; 0.3359281 ; 0.3334061 ; 0.1665
12421.0 ; 238 ; 0.46 ; 0.3357750 ; 0.3333225 ; 0.1663
12437.3 ; 239 ; 0.48 ; 0.3356511 ; 0.3332057 ; 0.1668
12453.3 ; 240 ; 0.47 ; 0.3354496 ; 0.3329821 ; 0.1673
12469.0 ; 241 ; 0.44 ; 0.3353135 ; 0.3328461 ; 0.1667
12485.1 ; 242 ; 0.51 ; 0.3351548 ; 0.3327060 ; 0.1673
12500.9 ; 243 ; 0.37 ; 0.3350877 ; 0.3326495 ; 0.1674
12516.6 ; 244 ; 0.54 ; 0.3349380 ; 0.3325268 ; 0.1675
12532.5 ; 245 ; 0.33 ; 0.3348111 ; 0.3324095 ; 0.1683
12548.3 ; 246 ; 0.47 ; 0.3346472 ; 0.3322662 ; 0.1676
12564.1 ; 247 ; 0.38 ; 0.3345098 ; 0.3321090 ; 0.1682
12579.8 ; 248 ; 0.41 ; 0.3344789 ; 0.3321018 ; 0.1680
12595.5 ; 249 ; 0.40 ; 0.3343131 ; 0.3319322 ; 0.1676
12611.1 ; 250 ; 0.43 ; 0.3341863 ; 0.3318110 ; 0.1675
12626.9 ; 251 ; 0.42 ; 0.3340912 ; 0.3317845 ; 0.1687
12642.6 ; 252 ; 0.42 ; 0.3339364 ; 0.3316071 ; 0.1687
12658.5 ; 253 ; 0.46 ; 0.3337931 ; 0.3314654 ; 0.1694
12674.1 ; 254 ; 0.38 ; 0.3336810 ; 0.3313698 ; 0.1698
12689.9 ; 255 ; 0.44 ; 0.3335300 ; 0.3312212 ; 0.1690
12705.3 ; 256 ; 0.48 ; 0.3333183 ; 0.3310545 ; 0.1702
12721.4 ; 257 ; 0.40 ; 0.3331966 ; 0.3309329 ; 0.1707
12737.4 ; 258 ; 0.48 ; 0.3330548 ; 0.3307936 ; 0.1708
12753.5 ; 259 ; 0.39 ; 0.3329100 ; 0.3306425 ; 0.1708
12769.2 ; 260 ; 0.37 ; 0.3328025 ; 0.3305230 ; 0.1700
12784.7 ; 261 ; 0.42 ; 0.3326475 ; 0.3304353 ; 0.1706
12800.2 ; 262 ; 0.47 ; 0.3324923 ; 0.3302989 ; 0.1709
12816.2 ; 263 ; 0.41 ; 0.3324098 ; 0.3302205 ; 0.1718
12832.4 ; 264 ; 0.39 ; 0.3323020 ; 0.3301100 ; 0.1713
12848.4 ; 265 ; 0.46 ; 0.3321118 ; 0.3299305 ; 0.1717
12864.3 ; 266 ; 0.44 ; 0.3319620 ; 0.3297917 ; 0.1713
12880.5 ; 267 ; 0.48 ; 0.3318004 ; 0.3296234 ; 0.1714
12896.4 ; 268 ; 0.37 ; 0.3316709 ; 0.3294845 ; 0.1718
12912.0 ; 269 ; 0.43 ; 0.3315631 ; 0.3294134 ; 0.1723
12927.4 ; 270 ; 0.36 ; 0.3314099 ; 0.3292495 ; 0.1725
12943.1 ; 271 ; 0.30 ; 0.3313444 ; 0.3291786 ; 0.1725
12958.8 ; 272 ; 0.42 ; 0.3312316 ; 0.3290770 ; 0.1723
12974.4 ; 273 ; 0.38 ; 0.3311098 ; 0.3289603 ; 0.1726
12989.8 ; 274 ; 0.44 ; 0.3308873 ; 0.3287189 ; 0.1730
13005.3 ; 275 ; 0.45 ; 0.3307003 ; 0.3285296 ; 0.1721
13020.8 ; 276 ; 0.44 ; 0.3305769 ; 0.3284254 ; 0.1736
13036.9 ; 277 ; 0.47 ; 0.3304355 ; 0.3283334 ; 0.1735
13052.6 ; 278 ; 0.52 ; 0.3301974 ; 0.3280800 ; 0.1737
13068.5 ; 279 ; 0.54 ; 0.3300163 ; 0.3278765 ; 0.1733
13084.4 ; 280 ; 0.41 ; 0.3298918 ; 0.3277705 ; 0.1737
13100.2 ; 281 ; 0.49 ; 0.3296968 ; 0.3275581 ; 0.1728
13115.9 ; 282 ; 0.41 ; 0.3295644 ; 0.3274278 ; 0.1739
13132.0 ; 283 ; 0.49 ; 0.3293190 ; 0.3271919 ; 0.1735
13148.2 ; 284 ; 0.43 ; 0.3291724 ; 0.3270556 ; 0.1739
13164.4 ; 285 ; 0.47 ; 0.3290138 ; 0.3268913 ; 0.1737
13180.4 ; 286 ; 0.45 ; 0.3287806 ; 0.3266774 ; 0.1741
13196.5 ; 287 ; 0.45 ; 0.3285724 ; 0.3265190 ; 0.1742
13212.3 ; 288 ; 0.53 ; 0.3283743 ; 0.3263234 ; 0.1752
13228.4 ; 289 ; 0.48 ; 0.3281195 ; 0.3261010 ; 0.1744
13244.1 ; 290 ; 0.38 ; 0.3279638 ; 0.3259418 ; 0.1746
13260.3 ; 291 ; 0.39 ; 0.3278063 ; 0.3258107 ; 0.1743
13276.4 ; 292 ; 0.47 ; 0.3276087 ; 0.3256908 ; 0.1744
13292.3 ; 293 ; 0.42 ; 0.3274280 ; 0.3254997 ; 0.1752
13308.5 ; 294 ; 0.51 ; 0.3271457 ; 0.3252667 ; 0.1743
13324.7 ; 295 ; 0.39 ; 0.3269864 ; 0.3251479 ; 0.1747
13340.3 ; 296 ; 0.40 ; 0.3267641 ; 0.3249409 ; 0.1724
13356.3 ; 297 ; 0.54 ; 0.3265545 ; 0.3247586 ; 0.1722
13372.6 ; 298 ; 0.39 ; 0.3264227 ; 0.3246299 ; 0.1726
13388.4 ; 299 ; 0.35 ; 0.3262899 ; 0.3245387 ; 0.1722
13418.4 ; 1 ; 0.48 ; 0.3259515 ; 0.3242610 ; 0.1716
13434.7 ; 2 ; 0.45 ; 0.3258105 ; 0.3241480 ; 0.1718
13450.7 ; 3 ; 0.44 ; 0.3256592 ; 0.3239963 ; 0.1720
13466.4 ; 4 ; 0.39 ; 0.3255311 ; 0.3239060 ; 0.1723
13482.1 ; 5 ; 0.40 ; 0.3253902 ; 0.3237755 ; 0.1727
13497.9 ; 6 ; 0.52 ; 0.3252358 ; 0.3236690 ; 0.1731
13514.2 ; 7 ; 0.47 ; 0.3250717 ; 0.3234854 ; 0.1732
13530.1 ; 8 ; 0.48 ; 0.3249340 ; 0.3233304 ; 0.1735
13545.9 ; 9 ; 0.50 ; 0.3247832 ; 0.3231678 ; 0.1743
13561.8 ; 10 ; 0.53 ; 0.3246114 ; 0.3230458 ; 0.1748
13577.5 ; 11 ; 0.44 ; 0.3244542 ; 0.3228837 ; 0.1750
13593.4 ; 12 ; 0.45 ; 0.3242904 ; 0.3227168 ; 0.1756
13609.4 ; 13 ; 0.43 ; 0.3241614 ; 0.3226290 ; 0.1754
13625.2 ; 14 ; 0.36 ; 0.3239977 ; 0.3224569 ; 0.1748
13641.2 ; 15 ; 0.50 ; 0.3238738 ; 0.3223189 ; 0.1759
13656.7 ; 16 ; 0.37 ; 0.3237684 ; 0.3222221 ; 0.1762
13672.5 ; 17 ; 0.52 ; 0.3235755 ; 0.3220267 ; 0.1760
13688.6 ; 18 ; 0.38 ; 0.3234760 ; 0.3219583 ; 0.1752
13704.2 ; 19 ; 0.46 ; 0.3233449 ; 0.3218530 ; 0.1755
13720.0 ; 20 ; 0.46 ; 0.3231925 ; 0.3216845 ; 0.1760
13735.8 ; 21 ; 0.46 ; 0.3230271 ; 0.3215890 ; 0.1766
13751.6 ; 22 ; 0.48 ; 0.3228703 ; 0.3213733 ; 0.1766
13767.4 ; 23 ; 0.39 ; 0.3227496 ; 0.3213005 ; 0.1769
13783.1 ; 24 ; 0.33 ; 0.3226506 ; 0.3211765 ; 0.1769
13798.5 ; 25 ; 0.39 ; 0.3225865 ; 0.3211372 ; 0.1774
13814.0 ; 26 ; 0.32 ; 0.3225190 ; 0.3210467 ; 0.1777
13829.8 ; 27 ; 0.36 ; 0.3224152 ; 0.3209568 ; 0.1771
13845.8 ; 28 ; 0.39 ; 0.3222854 ; 0.3208163 ; 0.1770
13861.6 ; 29 ; 0.43 ; 0.3221921 ; 0.3207301 ; 0.1774
13877.3 ; 30 ; 0.48 ; 0.3220522 ; 0.3205972 ; 0.1776
13893.1 ; 31 ; 0.42 ; 0.3219770 ; 0.3205428 ; 0.1776
13908.6 ; 32 ; 0.42 ; 0.3218457 ; 0.3204104 ; 0.1771
13924.2 ; 33 ; 0.44 ; 0.3217162 ; 0.3203311 ; 0.1781
13940.0 ; 34 ; 0.35 ; 0.3215703 ; 0.3201490 ; 0.1786
13955.6 ; 35 ; 0.52 ; 0.3214692 ; 0.3200959 ; 0.1783
13971.1 ; 36 ; 0.45 ; 0.3213436 ; 0.3199718 ; 0.1781
13986.8 ; 37 ; 0.35 ; 0.3212598 ; 0.3198995 ; 0.1782
14002.1 ; 38 ; 0.40 ; 0.3211332 ; 0.3197761 ; 0.1781
14017.8 ; 39 ; 0.46 ; 0.3210089 ; 0.3196331 ; 0.1781
14034.0 ; 40 ; 0.35 ; 0.3208823 ; 0.3195105 ; 0.1784
14050.3 ; 41 ; 0.47 ; 0.3207955 ; 0.3194256 ; 0.1785
14065.8 ; 42 ; 0.49 ; 0.3206422 ; 0.3192885 ; 0.1779
14081.3 ; 43 ; 0.37 ; 0.3205566 ; 0.3192064 ; 0.1779
14097.0 ; 44 ; 0.44 ; 0.3204475 ; 0.3190675 ; 0.1795
14112.7 ; 45 ; 0.45 ; 0.3202923 ; 0.3189113 ; 0.1786
14128.3 ; 46 ; 0.49 ; 0.3201299 ; 0.3187938 ; 0.1794
14144.3 ; 47 ; 0.38 ; 0.3200322 ; 0.3186611 ; 0.1791
14160.1 ; 48 ; 0.35 ; 0.3199277 ; 0.3185530 ; 0.1790
14175.9 ; 49 ; 0.44 ; 0.3197759 ; 0.3184334 ; 0.1791
14191.7 ; 50 ; 0.41 ; 0.3196878 ; 0.3183426 ; 0.1792
14207.4 ; 51 ; 0.47 ; 0.3195590 ; 0.3182273 ; 0.1796
14222.8 ; 52 ; 0.47 ; 0.3194083 ; 0.3180861 ; 0.1800
14238.5 ; 53 ; 0.43 ; 0.3192264 ; 0.3178894 ; 0.1801
14254.1 ; 54 ; 0.44 ; 0.3191575 ; 0.3178502 ; 0.1807
14269.9 ; 55 ; 0.56 ; 0.3189653 ; 0.3176385 ; 0.1809
14285.5 ; 56 ; 0.44 ; 0.3188970 ; 0.3175891 ; 0.1800
14300.9 ; 57 ; 0.45 ; 0.3187105 ; 0.3173583 ; 0.1798
14316.4 ; 58 ; 0.43 ; 0.3186305 ; 0.3172971 ; 0.1809
14332.1 ; 59 ; 0.44 ; 0.3184902 ; 0.3171445 ; 0.1806
14348.2 ; 60 ; 0.43 ; 0.3183659 ; 0.3170326 ; 0.1814
14364.0 ; 61 ; 0.42 ; 0.3182270 ; 0.3168757 ; 0.1812
14379.5 ; 62 ; 0.47 ; 0.3180615 ; 0.3167576 ; 0.1832
14395.0 ; 63 ; 0.45 ; 0.3179256 ; 0.3166168 ; 0.1832
14410.5 ; 64 ; 0.43 ; 0.3178722 ; 0.3165870 ; 0.1837
14426.4 ; 65 ; 0.38 ; 0.3178384 ; 0.3165733 ; 0.1830
14442.2 ; 66 ; 0.45 ; 0.3176657 ; 0.3163977 ; 0.1834
14458.0 ; 67 ; 0.49 ; 0.3175470 ; 0.3163065 ; 0.1828
14473.7 ; 68 ; 0.51 ; 0.3174054 ; 0.3161904 ; 0.1827
14489.4 ; 69 ; 0.39 ; 0.3172565 ; 0.3160556 ; 0.1838
14505.0 ; 70 ; 0.42 ; 0.3171225 ; 0.3159179 ; 0.1829
14520.5 ; 71 ; 0.47 ; 0.3170364 ; 0.3158778 ; 0.1840
14536.1 ; 72 ; 0.50 ; 0.3168558 ; 0.3156467 ; 0.1847
14551.9 ; 73 ; 0.45 ; 0.3167329 ; 0.3155279 ; 0.1847
14567.6 ; 74 ; 0.40 ; 0.3166413 ; 0.3154692 ; 0.1844
14583.0 ; 75 ; 0.42 ; 0.3165572 ; 0.3153790 ; 0.1843
14598.5 ; 76 ; 0.41 ; 0.3164227 ; 0.3152193 ; 0.1840
14614.2 ; 77 ; 0.45 ; 0.3163170 ; 0.3151115 ; 0.1841
14629.6 ; 78 ; 0.43 ; 0.3161922 ; 0.3149889 ; 0.1847
14645.5 ; 79 ; 0.43 ; 0.3160678 ; 0.3148934 ; 0.1841
14661.4 ; 80 ; 0.50 ; 0.3159554 ; 0.3148240 ; 0.1858
14677.4 ; 81 ; 0.52 ; 0.3158181 ; 0.3146871 ; 0.1854
14693.4 ; 82 ; 0.43 ; 0.3156834 ; 0.3145741 ; 0.1857
14709.2 ; 83 ; 0.44 ; 0.3155223 ; 0.3143459 ; 0.1867
14724.9 ; 84 ; 0.42 ; 0.3154279 ; 0.3142364 ; 0.1857
14740.8 ; 85 ; 0.42 ; 0.3153375 ; 0.3141584 ; 0.1863
14756.5 ; 86 ; 0.46 ; 0.3152033 ; 0.3140464 ; 0.1857
14772.2 ; 87 ; 0.47 ; 0.3151054 ; 0.3139670 ; 0.1857
14788.4 ; 88 ; 0.44 ; 0.3149933 ; 0.3138532 ; 0.1858
14804.3 ; 89 ; 0.43 ; 0.3148925 ; 0.3137787 ; 0.1877
14820.2 ; 90 ; 0.49 ; 0.3147447 ; 0.3136344 ; 0.1868
14836.0 ; 91 ; 0.36 ; 0.3146483 ; 0.3135176 ; 0.1866
14852.2 ; 92 ; 0.46 ; 0.3145374 ; 0.3134121 ; 0.1867
14868.5 ; 93 ; 0.46 ; 0.3144460 ; 0.3133031 ; 0.1868
14884.6 ; 94 ; 0.44 ; 0.3142718 ; 0.3131426 ; 0.1872
14900.7 ; 95 ; 0.44 ; 0.3141551 ; 0.3130256 ; 0.1873
14916.6 ; 96 ; 0.44 ; 0.3140637 ; 0.3129216 ; 0.1876
14932.3 ; 97 ; 0.35 ; 0.3139798 ; 0.3128361 ; 0.1871
14948.4 ; 98 ; 0.44 ; 0.3138546 ; 0.3127137 ; 0.1867
14964.3 ; 99 ; 0.43 ; 0.3137668 ; 0.3126334 ; 0.1869
14994.4 ; 1 ; 0.34 ; 0.3135374 ; 0.3124100 ; 0.1886
15010.6 ; 2 ; 0.46 ; 0.3134255 ; 0.3122897 ; 0.1873
15026.7 ; 3 ; 0.46 ; 0.3132902 ; 0.3121308 ; 0.1892
15042.7 ; 4 ; 0.39 ; 0.3131996 ; 0.3120479 ; 0.1892
15058.5 ; 5 ; 0.37 ; 0.3130640 ; 0.3119114 ; 0.1886
15074.6 ; 6 ; 0.46 ; 0.3129495 ; 0.3117991 ; 0.1880
15090.5 ; 7 ; 0.46 ; 0.3128344 ; 0.3116854 ; 0.1872
15106.5 ; 8 ; 0.40 ; 0.3127521 ; 0.3116263 ; 0.1879
15122.2 ; 9 ; 0.52 ; 0.3125920 ; 0.3114773 ; 0.1885
15138.0 ; 10 ; 0.36 ; 0.3125352 ; 0.3114124 ; 0.1889
15153.7 ; 11 ; 0.45 ; 0.3123684 ; 0.3112456 ; 0.1886
15169.8 ; 12 ; 0.38 ; 0.3123070 ; 0.3111758 ; 0.1888
15185.7 ; 13 ; 0.39 ; 0.3122097 ; 0.3110784 ; 0.1893
15201.3 ; 14 ; 0.56 ; 0.3120372 ; 0.3109035 ; 0.1898
15216.6 ; 15 ; 0.41 ; 0.3119322 ; 0.3108142 ; 0.1895
15232.3 ; 16 ; 0.43 ; 0.3118366 ; 0.3106944 ; 0.1895
15248.2 ; 17 ; 0.46 ; 0.3117637 ; 0.3106601 ; 0.1896
15264.0 ; 18 ; 0.36 ; 0.3116721 ; 0.3105591 ; 0.1897
15280.0 ; 19 ; 0.48 ; 0.3115821 ; 0.3104497 ; 0.1907
15296.2 ; 20 ; 0.45 ; 0.3115008 ; 0.3103312 ; 0.1896
15312.1 ; 21 ; 0.35 ; 0.3113911 ; 0.3102182 ; 0.1901
15328.0 ; 22 ; 0.40 ; 0.3113294 ; 0.3101603 ; 0.1899
15343.9 ; 23 ; 0.49 ; 0.3111673 ; 0.3100050 ; 0.1897
15360.1 ; 24 ; 0.43 ; 0.3110373 ; 0.3098520 ; 0.1899
15375.9 ; 25 ; 0.45 ; 0.3109702 ; 0.3097798 ; 0.1905
15391.8 ; 26 ; 0.43 ; 0.3108544 ; 0.3096670 ; 0.1906
15407.7 ; 27 ; 0.48 ; 0.3107515 ; 0.3095516 ; 0.1920
15423.5 ; 28 ; 0.47 ; 0.3106416 ; 0.3094434 ; 0.1922
15439.0 ; 29 ; 0.44 ; 0.3105343 ; 0.3093132 ; 0.1926
15454.5 ; 30 ; 0.46 ; 0.3104638 ; 0.3092491 ; 0.1919
15470.0 ; 31 ; 0.43 ; 0.3103408 ; 0.3091336 ; 0.1915
15486.3 ; 32 ; 0.40 ; 0.3102351 ; 0.3090480 ; 0.1922
15502.3 ; 33 ; 0.44 ; 0.3100974 ; 0.3088896 ; 0.1929
15518.2 ; 34 ; 0.36 ; 0.3100417 ; 0.3088504 ; 0.1926
15534.2 ; 35 ; 0.42 ; 0.3098936 ; 0.3086984 ; 0.1916
15550.3 ; 36 ; 0.33 ; 0.3098532 ; 0.3086666 ; 0.1920
15566.2 ; 37 ; 0.42 ; 0.3097546 ; 0.3085792 ; 0.1928
15582.1 ; 38 ; 0.45 ; 0.3096584 ; 0.3085142 ; 0.1921
15597.5 ; 39 ; 0.41 ; 0.3095500 ; 0.3084194 ; 0.1935
15613.0 ; 40 ; 0.42 ; 0.3094868 ; 0.3083405 ; 0.1922
15628.5 ; 41 ; 0.37 ; 0.3093423 ; 0.3081921 ; 0.1938
15643.9 ; 42 ; 0.42 ; 0.3092835 ; 0.3081388 ; 0.1933
15659.2 ; 43 ; 0.39 ; 0.3091572 ; 0.3079914 ; 0.1941
15675.0 ; 44 ; 0.49 ; 0.3090623 ; 0.3079246 ; 0.1947
15690.9 ; 45 ; 0.42 ; 0.3089442 ; 0.3078016 ; 0.1948
15706.6 ; 46 ; 0.40 ; 0.3088578 ; 0.3076906 ; 0.1946
15722.1 ; 47 ; 0.35 ; 0.3087865 ; 0.3076275 ; 0.1953
15737.7 ; 48 ; 0.33 ; 0.3086922 ; 0.3075531 ; 0.1950
15753.1 ; 49 ; 0.49 ; 0.3085458 ; 0.3073922 ; 0.1947
15768.6 ; 50 ; 0.31 ; 0.3085185 ; 0.3073470 ; 0.1953
15784.2 ; 51 ; 0.36 ; 0.3083954 ; 0.3072260 ; 0.1953
15799.9 ; 52 ; 0.48 ; 0.3083431 ; 0.3071707 ; 0.1964
15815.7 ; 53 ; 0.46 ; 0.3082311 ; 0.3070661 ; 0.1959
15831.4 ; 54 ; 0.49 ; 0.3080899 ; 0.3069188 ; 0.1972
15846.6 ; 55 ; 0.45 ; 0.3080045 ; 0.3068368 ; 0.1967
15861.9 ; 56 ; 0.34 ; 0.3079167 ; 0.3067496 ; 0.1965
15877.5 ; 57 ; 0.42 ; 0.3078345 ; 0.3066707 ; 0.1953
15893.1 ; 58 ; 0.48 ; 0.3077343 ; 0.3066063 ; 0.1964
15908.5 ; 59 ; 0.52 ; 0.3076381 ; 0.3065007 ; 0.1970
15923.8 ; 60 ; 0.49 ; 0.3075249 ; 0.3063934 ; 0.1972
15939.4 ; 61 ; 0.44 ; 0.3074415 ; 0.3063310 ; 0.1969
15955.4 ; 62 ; 0.44 ; 0.3073468 ; 0.3062401 ; 0.1976
15971.0 ; 63 ; 0.49 ; 0.3072261 ; 0.3060902 ; 0.1970
15986.5 ; 64 ; 0.38 ; 0.3071537 ; 0.3060062 ; 0.1983
16002.2 ; 65 ; 0.46 ; 0.3070868 ; 0.3059541 ; 0.1984
16018.2 ; 66 ; 0.38 ; 0.3069931 ; 0.3058738 ; 0.1990
16033.9 ; 67 ; 0.39 ; 0.3068537 ; 0.3057261 ; 0.1982
16049.5 ; 68 ; 0.46 ; 0.3067843 ; 0.3056553 ; 0.1985
16065.3 ; 69 ; 0.40 ; 0.3066879 ; 0.3055515 ; 0.1986
16081.1 ; 70 ; 0.47 ; 0.3065394 ; 0.3054422 ; 0.1998
16097.0 ; 71 ; 0.47 ; 0.3064529 ; 0.3053725 ; 0.1995
16113.1 ; 72 ; 0.36 ; 0.3063395 ; 0.3052311 ; 0.1994
16128.5 ; 73 ; 0.37 ; 0.3062738 ; 0.3051910 ; 0.1988
16143.8 ; 74 ; 0.34 ; 0.3062406 ; 0.3051536 ; 0.1989
16159.3 ; 75 ; 0.30 ; 0.3061188 ; 0.3050268 ; 0.1997
16174.8 ; 76 ; 0.54 ; 0.3060263 ; 0.3049334 ; 0.1995
16190.3 ; 77 ; 0.38 ; 0.3059593 ; 0.3048567 ; 0.2003
16205.9 ; 78 ; 0.37 ; 0.3058801 ; 0.3048046 ; 0.1996
16221.4 ; 79 ; 0.50 ; 0.3058397 ; 0.3047721 ; 0.1990
16236.9 ; 80 ; 0.44 ; 0.3057793 ; 0.3047236 ; 0.2000
16252.7 ; 81 ; 0.50 ; 0.3056735 ; 0.3046121 ; 0.1998
16268.5 ; 82 ; 0.40 ; 0.3055702 ; 0.3044768 ; 0.2000
16284.2 ; 83 ; 0.44 ; 0.3055137 ; 0.3044285 ; 0.2002
16299.8 ; 84 ; 0.39 ; 0.3054130 ; 0.3043263 ; 0.1994
16315.2 ; 85 ; 0.47 ; 0.3053384 ; 0.3042599 ; 0.1994
16330.6 ; 86 ; 0.43 ; 0.3052311 ; 0.3041647 ; 0.1990
16346.1 ; 87 ; 0.50 ; 0.3051747 ; 0.3041040 ; 0.2000
16361.6 ; 88 ; 0.35 ; 0.3051414 ; 0.3040705 ; 0.1999
16377.3 ; 89 ; 0.27 ; 0.3051181 ; 0.3040612 ; 0.2000
16392.7 ; 90 ; 0.37 ; 0.3050274 ; 0.3039622 ; 0.1998
16408.4 ; 91 ; 0.36 ; 0.3049536 ; 0.3038913 ; 0.2002
16424.5 ; 92 ; 0.43 ; 0.3048697 ; 0.3037951 ; 0.2005
16440.1 ; 93 ; 0.41 ; 0.3048261 ; 0.3037531 ; 0.2007
16455.5 ; 94 ; 0.40 ; 0.3047236 ; 0.3036563 ; 0.1999
16470.9 ; 95 ; 0.39 ; 0.3046702 ; 0.3036029 ; 0.2008
16486.3 ; 96 ; 0.36 ; 0.3046203 ; 0.3035695 ; 0.2004
16501.8 ; 97 ; 0.35 ; 0.3045324 ; 0.3034883 ; 0.2005
16517.9 ; 98 ; 0.46 ; 0.3044121 ; 0.3033556 ; 0.2007
16534.0 ; 99 ; 0.53 ; 0.3043109 ; 0.3032776 ; 0.2006
16563.5 ; 1 ; 0.45 ; 0.3040957 ; 0.3030416 ; 0.2016
16579.1 ; 2 ; 0.44 ; 0.3040459 ; 0.3029972 ; 0.2014
16595.2 ; 3 ; 0.41 ; 0.3039464 ; 0.3028938 ; 0.2012
16611.2 ; 4 ; 0.40 ; 0.3038583 ; 0.3027990 ; 0.2025
16627.2 ; 5 ; 0.46 ; 0.3037434 ; 0.3026784 ; 0.2031
16643.0 ; 6 ; 0.42 ; 0.3036243 ; 0.3025610 ; 0.2028
16659.2 ; 7 ; 0.38 ; 0.3036191 ; 0.3025445 ; 0.2030
16675.5 ; 8 ; 0.28 ; 0.3035546 ; 0.3024848 ; 0.2032
16691.8 ; 9 ; 0.44 ; 0.3035274 ; 0.3024724 ; 0.2022
16707.8 ; 10 ; 0.43 ; 0.3034399 ; 0.3023537 ; 0.2033
16723.6 ; 11 ; 0.39 ; 0.3033652 ; 0.3022732 ; 0.2036
16739.2 ; 12 ; 0.42 ; 0.3032986 ; 0.3022278 ; 0.2034
16755.1 ; 13 ; 0.31 ; 0.3032396 ; 0.3021790 ; 0.2036
16771.0 ; 14 ; 0.39 ; 0.3031638 ; 0.3020853 ; 0.2035
16786.8 ; 15 ; 0.42 ; 0.3030978 ; 0.3020235 ; 0.2030
16802.7 ; 16 ; 0.40 ; 0.3029798 ; 0.3018966 ; 0.2041
16818.5 ; 17 ; 0.31 ; 0.3029146 ; 0.3018548 ; 0.2043
16834.2 ; 18 ; 0.31 ; 0.3028659 ; 0.3018273 ; 0.2029
16849.8 ; 19 ; 0.35 ; 0.3027848 ; 0.3017522 ; 0.2033
16865.5 ; 20 ; 0.47 ; 0.3027239 ; 0.3016725 ; 0.2041
16881.3 ; 21 ; 0.32 ; 0.3026915 ; 0.3016604 ; 0.2041
16897.5 ; 22 ; 0.47 ; 0.3025902 ; 0.3015423 ; 0.2050
16913.4 ; 23 ; 0.40 ; 0.3024915 ; 0.3014293 ; 0.2044
16929.3 ; 24 ; 0.46 ; 0.3024429 ; 0.3014005 ; 0.2057
16945.2 ; 25 ; 0.38 ; 0.3023621 ; 0.3013274 ; 0.2047
16961.5 ; 26 ; 0.39 ; 0.3022873 ; 0.3012812 ; 0.2053
16977.3 ; 27 ; 0.42 ; 0.3022389 ; 0.3012475 ; 0.2055
16993.1 ; 28 ; 0.43 ; 0.3021679 ; 0.3011697 ; 0.2056
17009.0 ; 29 ; 0.36 ; 0.3020726 ; 0.3010727 ; 0.2053
17024.5 ; 30 ; 0.45 ; 0.3020502 ; 0.3010430 ; 0.2060
17040.1 ; 31 ; 0.39 ; 0.3019807 ; 0.3009730 ; 0.2050
17055.7 ; 32 ; 0.44 ; 0.3018865 ; 0.3008534 ; 0.2052
17071.5 ; 33 ; 0.34 ; 0.3018203 ; 0.3007750 ; 0.2061
17087.4 ; 34 ; 0.36 ; 0.3017453 ; 0.3007043 ; 0.2061
17103.3 ; 35 ; 0.45 ; 0.3017033 ; 0.3006659 ; 0.2059
17119.2 ; 36 ; 0.41 ; 0.3015945 ; 0.3005581 ; 0.2070
17135.3 ; 37 ; 0.44 ; 0.3014833 ; 0.3004349 ; 0.2076
17151.3 ; 38 ; 0.45 ; 0.3014204 ; 0.3003605 ; 0.2072
17167.3 ; 39 ; 0.36 ; 0.3013786 ; 0.3003246 ; 0.2074
17183.0 ; 40 ; 0.43 ; 0.3012948 ; 0.3002677 ; 0.2075
17198.6 ; 41 ; 0.48 ; 0.3011805 ; 0.3001419 ; 0.2076
17214.3 ; 42 ; 0.42 ; 0.3011337 ; 0.3001240 ; 0.2077
17230.0 ; 43 ; 0.41 ; 0.3010727 ; 0.3000583 ; 0.2081
17245.9 ; 44 ; 0.39 ; 0.3010116 ; 0.2999965 ; 0.2086
17261.8 ; 45 ; 0.42 ; 0.3009226 ; 0.2999271 ; 0.2077
17277.5 ; 46 ; 0.46 ; 0.3008412 ; 0.2998252 ; 0.2097
17293.5 ; 47 ; 0.36 ; 0.3008344 ; 0.2998427 ; 0.2090
17309.6 ; 48 ; 0.34 ; 0.3007299 ; 0.2997032 ; 0.2099
17325.7 ; 49 ; 0.49 ; 0.3006361 ; 0.2996215 ; 0.2108
17341.5 ; 50 ; 0.37 ; 0.3005580 ; 0.2995399 ; 0.2103
17357.0 ; 51 ; 0.45 ; 0.3005183 ; 0.2995261 ; 0.2093
17372.5 ; 52 ; 0.46 ; 0.3004122 ; 0.2994000 ; 0.2100
17388.4 ; 53 ; 0.42 ; 0.3003443 ; 0.2993339 ; 0.2098
17404.6 ; 54 ; 0.41 ; 0.3002857 ; 0.2992727 ; 0.2098
17420.2 ; 55 ; 0.47 ; 0.3002424 ; 0.2992487 ; 0.2095
17435.7 ; 56 ; 0.43 ; 0.3001462 ; 0.2991173 ; 0.2107
17451.1 ; 57 ; 0.44 ; 0.3000964 ; 0.2991017 ; 0.2102
17466.7 ; 58 ; 0.44 ; 0.3000322 ; 0.2990450 ; 0.2097
17482.2 ; 59 ; 0.39 ; 0.2999448 ; 0.2989390 ; 0.2099
17498.3 ; 60 ; 0.36 ; 0.2998734 ; 0.2988509 ; 0.2107
17514.1 ; 61 ; 0.42 ; 0.2998078 ; 0.2988086 ; 0.2108
17530.2 ; 62 ; 0.40 ; 0.2997599 ; 0.2987613 ; 0.2111
17546.1 ; 63 ; 0.41 ; 0.2996744 ; 0.2986582 ; 0.2121
17561.9 ; 64 ; 0.44 ; 0.2996300 ; 0.2986195 ; 0.2122
17577.5 ; 65 ; 0.36 ; 0.2995577 ; 0.2985845 ; 0.2120
17593.6 ; 66 ; 0.43 ; 0.2995087 ; 0.2985404 ; 0.2115
17609.6 ; 67 ; 0.35 ; 0.2994365 ; 0.2984549 ; 0.2117
17625.3 ; 68 ; 0.39 ; 0.2993629 ; 0.2983712 ; 0.2125
17640.9 ; 69 ; 0.38 ; 0.2993304 ; 0.2983363 ; 0.2122
17656.3 ; 70 ; 0.45 ; 0.2992440 ; 0.2982511 ; 0.2123
17671.9 ; 71 ; 0.44 ; 0.2991819 ; 0.2981916 ; 0.2127
17687.5 ; 72 ; 0.41 ; 0.2990863 ; 0.2980849 ; 0.2130
17703.0 ; 73 ; 0.45 ; 0.2990360 ; 0.2980513 ; 0.2143
17719.0 ; 74 ; 0.45 ; 0.2989496 ; 0.2979705 ; 0.2146
17735.2 ; 75 ; 0.43 ; 0.2988991 ; 0.2979352 ; 0.2147
17751.3 ; 76 ; 0.41 ; 0.2988663 ; 0.2979031 ; 0.2145
17767.3 ; 77 ; 0.38 ; 0.2987711 ; 0.2978191 ; 0.2139
17783.6 ; 78 ; 0.38 ; 0.2987122 ; 0.2977304 ; 0.2143
17799.7 ; 79 ; 0.40 ; 0.2986606 ; 0.2976758 ; 0.2153
17815.7 ; 80 ; 0.33 ; 0.2985671 ; 0.2975662 ; 0.2165
17831.5 ; 81 ; 0.47 ; 0.2984931 ; 0.2974964 ; 0.2163
17847.3 ; 82 ; 0.32 ; 0.2984470 ; 0.2974398 ; 0.2165
17863.5 ; 83 ; 0.44 ; 0.2983878 ; 0.2973922 ; 0.2163
17879.8 ; 84 ; 0.47 ; 0.2982958 ; 0.2972766 ; 0.2163
17895.7 ; 85 ; 0.45 ; 0.2982096 ; 0.2971841 ; 0.2172
17911.3 ; 86 ; 0.23 ; 0.2982129 ; 0.2972101 ; 0.2176
17927.3 ; 87 ; 0.47 ; 0.2981018 ; 0.2970650 ; 0.2170
17943.4 ; 88 ; 0.44 ; 0.2980809 ; 0.2970558 ; 0.2179
17959.4 ; 89 ; 0.43 ; 0.2980550 ; 0.2970157 ; 0.2179
17975.3 ; 90 ; 0.48 ; 0.2979588 ; 0.2969359 ; 0.2197
17991.0 ; 91 ; 0.46 ; 0.2978773 ; 0.2968456 ; 0.2206
18006.6 ; 92 ; 0.43 ; 0.2978150 ; 0.2967502 ; 0.2195
18022.4 ; 93 ; 0.44 ; 0.2977240 ; 0.2966702 ; 0.2208
18038.4 ; 94 ; 0.42 ; 0.2976567 ; 0.2965907 ; 0.2196
18053.9 ; 95 ; 0.41 ; 0.2976264 ; 0.2965670 ; 0.2202
18069.6 ; 96 ; 0.42 ; 0.2975514 ; 0.2964843 ; 0.2204
18085.6 ; 97 ; 0.43 ; 0.2974827 ; 0.2964176 ; 0.2206
18101.6 ; 98 ; 0.42 ; 0.2974192 ; 0.2963403 ; 0.2208
18117.9 ; 99 ; 0.40 ; 0.2973527 ; 0.2962845 ; 0.2211
18148.4 ; 1 ; 0.44 ; 0.3769007 ; 0.3774861 ; 0.0789
18164.4 ; 2 ; 0.59 ; 0.3755763 ; 0.3762269 ; 0.0791
18180.7 ; 3 ; 0.55 ; 0.3748006 ; 0.3754458 ; 0.0796
18196.9 ; 4 ; 0.57 ; 0.3739540 ; 0.3745038 ; 0.0802
18212.9 ; 5 ; 0.52 ; 0.3733793 ; 0.3738868 ; 0.0826
18228.9 ; 6 ; 0.52 ; 0.3729262 ; 0.3733823 ; 0.0856
18245.1 ; 7 ; 0.42 ; 0.3726330 ; 0.3730466 ; 0.0877
18261.5 ; 8 ; 0.52 ; 0.3723726 ; 0.3727615 ; 0.0882
18277.8 ; 9 ; 0.44 ; 0.3720730 ; 0.3724681 ; 0.0884
18294.3 ; 10 ; 0.58 ; 0.3716809 ; 0.3720667 ; 0.0893
18310.6 ; 11 ; 0.48 ; 0.3713978 ; 0.3718408 ; 0.0888
18326.8 ; 12 ; 0.47 ; 0.3711595 ; 0.3715928 ; 0.0892
18342.8 ; 13 ; 0.50 ; 0.3708509 ; 0.3713157 ; 0.0898
18358.7 ; 14 ; 0.50 ; 0.3705866 ; 0.3710652 ; 0.0899
18374.8 ; 15 ; 0.54 ; 0.3703262 ; 0.3708431 ; 0.0908
18390.8 ; 16 ; 0.43 ; 0.3700805 ; 0.3705843 ; 0.0909
18406.8 ; 17 ; 0.46 ; 0.3699384 ; 0.3704645 ; 0.0917
18422.6 ; 18 ; 0.41 ; 0.3697248 ; 0.3702530 ; 0.0916
18438.6 ; 19 ; 0.43 ; 0.3695102 ; 0.3700284 ; 0.0917
18454.8 ; 20 ; 0.41 ; 0.3693260 ; 0.3698326 ; 0.0922
18470.9 ; 21 ; 0.48 ; 0.3691408 ; 0.3696862 ; 0.0922
18487.2 ; 22 ; 0.42 ; 0.3689714 ; 0.3695112 ; 0.0924
18503.1 ; 23 ; 0.36 ; 0.3688107 ; 0.3693683 ; 0.0927
18519.2 ; 24 ; 0.48 ; 0.3685737 ; 0.3691280 ; 0.0930
18535.9 ; 25 ; 0.44 ; 0.3683711 ; 0.3689253 ; 0.0932
18552.1 ; 26 ; 0.42 ; 0.3682293 ; 0.3688111 ; 0.0932
18568.2 ; 27 ; 0.38 ; 0.3680327 ; 0.3686130 ; 0.0939
18584.2 ; 28 ; 0.44 ; 0.3678778 ; 0.3684414 ; 0.0939
18600.4 ; 29 ; 0.41 ; 0.3677652 ; 0.3683319 ; 0.0944
18616.2 ; 30 ; 0.42 ; 0.3676064 ; 0.3681784 ; 0.0950
18631.8 ; 31 ; 0.42 ; 0.3674683 ; 0.3680537 ; 0.0954
18647.5 ; 32 ; 0.43 ; 0.3672917 ; 0.3678755 ; 0.0953
18663.3 ; 33 ; 0.33 ; 0.3671749 ; 0.3677385 ; 0.0961
18679.1 ; 34 ; 0.51 ; 0.3669080 ; 0.3674679 ; 0.0962
18694.9 ; 35 ; 0.50 ; 0.3666983 ; 0.3672673 ; 0.0964
18710.7 ; 36 ; 0.48 ; 0.3665439 ; 0.3671127 ; 0.0966
18726.3 ; 37 ; 0.36 ; 0.3663962 ; 0.3669581 ; 0.0968
18742.0 ; 38 ; 0.37 ; 0.3662730 ; 0.3668347 ; 0.0969
18757.7 ; 39 ; 0.38 ; 0.3661720 ; 0.3667291 ; 0.0972
18773.5 ; 40 ; 0.47 ; 0.3659774 ; 0.3665281 ; 0.0975
18789.1 ; 41 ; 0.52 ; 0.3657723 ; 0.3663040 ; 0.0979
18804.7 ; 42 ; 0.51 ; 0.3655968 ; 0.3661323 ; 0.0982
18820.1 ; 43 ; 0.43 ; 0.3653706 ; 0.3658864 ; 0.0984
18835.7 ; 44 ; 0.39 ; 0.3652106 ; 0.3657294 ; 0.0987
18851.6 ; 45 ; 0.54 ; 0.3649858 ; 0.3654931 ; 0.0989
18867.4 ; 46 ; 0.44 ; 0.3648139 ; 0.3653137 ; 0.0999
18883.3 ; 47 ; 0.45 ; 0.3646419 ; 0.3651440 ; 0.1001
18898.8 ; 48 ; 0.54 ; 0.3645262 ; 0.3650053 ; 0.0996
18914.3 ; 49 ; 0.46 ; 0.3643169 ; 0.3648070 ; 0.1004
18931.0 ; 50 ; 0.45 ; 0.3641803 ; 0.3647009 ; 0.1008
18947.3 ; 51 ; 0.51 ; 0.3640300 ; 0.3645386 ; 0.1012
18963.3 ; 52 ; 0.42 ; 0.3638594 ; 0.3643669 ; 0.1015
18979.1 ; 53 ; 0.48 ; 0.3636851 ; 0.3641621 ; 0.1014
18994.6 ; 54 ; 0.42 ; 0.3635058 ; 0.3639856 ; 0.1017
19011.1 ; 55 ; 0.55 ; 0.3633129 ; 0.3637843 ; 0.1018
19027.1 ; 56 ; 0.52 ; 0.3630849 ; 0.3635669 ; 0.1014
19043.5 ; 57 ; 0.46 ; 0.3629358 ; 0.3634005 ; 0.1022
19059.3 ; 58 ; 0.53 ; 0.3627249 ; 0.3631874 ; 0.1030
19074.9 ; 59 ; 0.49 ; 0.3626041 ; 0.3630669 ; 0.1030
19090.7 ; 60 ; 0.37 ; 0.3624435 ; 0.3629014 ; 0.1035
19107.2 ; 61 ; 0.48 ; 0.3622616 ; 0.3627277 ; 0.1035
19123.7 ; 62 ; 0.52 ; 0.3621238 ; 0.3625787 ; 0.1036
19139.8 ; 63 ; 0.42 ; 0.3619827 ; 0.3624455 ; 0.1040
19156.0 ; 64 ; 0.56 ; 0.3617531 ; 0.3622206 ; 0.1047
19171.9 ; 65 ; 0.52 ; 0.3615357 ; 0.3619945 ; 0.1046
19188.1 ; 66 ; 0.44 ; 0.3614094 ; 0.3618598 ; 0.1050
19203.9 ; 67 ; 0.39 ; 0.3612645 ; 0.3617165 ; 0.1052
19219.5 ; 68 ; 0.48 ; 0.3611097 ; 0.3615619 ; 0.1054
19235.1 ; 69 ; 0.40 ; 0.3609159 ; 0.3613500 ; 0.1061
19250.9 ; 70 ; 0.39 ; 0.3607831 ; 0.3611933 ; 0.1059
19266.9 ; 71 ; 0.42 ; 0.3606121 ; 0.3610376 ; 0.1060
19282.8 ; 72 ; 0.42 ; 0.3604683 ; 0.3609065 ; 0.1064
19299.0 ; 73 ; 0.49 ; 0.3603465 ; 0.3608036 ; 0.1074
19315.3 ; 74 ; 0.49 ; 0.3601748 ; 0.3606256 ; 0.1075
19331.5 ; 75 ; 0.48 ; 0.3600694 ; 0.3605286 ; 0.1070
19347.8 ; 76 ; 0.44 ; 0.3598389 ; 0.3602947 ; 0.1072
19364.1 ; 77 ; 0.34 ; 0.3597458 ; 0.3601936 ; 0.1076
19380.1 ; 78 ; 0.47 ; 0.3596004 ; 0.3600538 ; 0.1079
19396.2 ; 79 ; 0.43 ; 0.3594947 ; 0.3599475 ; 0.1082
19412.6 ; 80 ; 0.38 ; 0.3593533 ; 0.3598149 ; 0.1080
19428.9 ; 81 ; 0.39 ; 0.3592000 ; 0.3596656 ; 0.1082
19445.3 ; 82 ; 0.46 ; 0.3590979 ; 0.3595817 ; 0.1086
19461.2 ; 83 ; 0.43 ; 0.3589436 ; 0.3594247 ; 0.1086
19477.3 ; 84 ; 0.41 ; 0.3588154 ; 0.3592658 ; 0.1089
19493.4 ; 85 ; 0.39 ; 0.3586649 ; 0.3591020 ; 0.1092
19509.4 ; 86 ; 0.47 ; 0.3585161 ; 0.3589715 ; 0.1097
19525.3 ; 87 ; 0.39 ; 0.3583675 ; 0.3588167 ; 0.1101
19541.3 ; 88 ; 0.47 ; 0.3581974 ; 0.3586581 ; 0.1104
19557.3 ; 89 ; 0.46 ; 0.3580809 ; 0.3585334 ; 0.1102
19573.5 ; 90 ; 0.40 ; 0.3579465 ; 0.3583907 ; 0.1105
19589.5 ; 91 ; 0.38 ; 0.3578166 ; 0.3582564 ; 0.1106
19605.7 ; 92 ; 0.37 ; 0.3577078 ; 0.3581709 ; 0.1109
19622.3 ; 93 ; 0.43 ; 0.3575961 ; 0.3580536 ; 0.1105
19638.6 ; 94 ; 0.48 ; 0.3574313 ; 0.3578718 ; 0.1104
19654.9 ; 95 ; 0.44 ; 0.3573176 ; 0.3577464 ; 0.1108
19671.0 ; 96 ; 0.40 ; 0.3572335 ; 0.3576708 ; 0.1114
19687.0 ; 97 ; 0.43 ; 0.3570393 ; 0.3574481 ; 0.1116
19703.0 ; 98 ; 0.54 ; 0.3568416 ; 0.3572226 ; 0.1116
19718.8 ; 99 ; 0.47 ; 0.3566469 ; 0.3570055 ; 0.1115
19734.5 ; 100 ; 0.49 ; 0.3564889 ; 0.3568374 ; 0.1120
19750.8 ; 101 ; 0.46 ; 0.3563420 ; 0.3567068 ; 0.1121
19767.2 ; 102 ; 0.41 ; 0.3562391 ; 0.3565840 ; 0.1128
19783.7 ; 103 ; 0.41 ; 0.3560933 ; 0.3564137 ; 0.1130
19799.4 ; 104 ; 0.41 ; 0.3559679 ; 0.3562798 ; 0.1131
19815.1 ; 105 ; 0.41 ; 0.3557914 ; 0.3560561 ; 0.1133
19831.0 ; 106 ; 0.54 ; 0.3556174 ; 0.3558788 ; 0.1134
19847.2 ; 107 ; 0.43 ; 0.3555027 ; 0.3557807 ; 0.1141
19863.0 ; 108 ; 0.51 ; 0.3553701 ; 0.3556485 ; 0.1143
19878.8 ; 109 ; 0.48 ; 0.3552028 ; 0.3554823 ; 0.1140
19895.0 ; 110 ; 0.47 ; 0.3549856 ; 0.3552624 ; 0.1148
19911.1 ; 111 ; 0.45 ; 0.3548716 ; 0.3551391 ; 0.1150
19927.0 ; 112 ; 0.65 ; 0.3546281 ; 0.3548715 ; 0.1161
19942.8 ; 113 ; 0.45 ; 0.3544661 ; 0.3547174 ; 0.1156
19958.8 ; 114 ; 0.45 ; 0.3543469 ; 0.3545980 ; 0.1162
19974.7 ; 115 ; 0.45 ; 0.3541669 ; 0.3543936 ; 0.1165
19990.4 ; 116 ; 0.51 ; 0.3539926 ; 0.3542098 ; 0.1158
20006.0 ; 117 ; 0.40 ; 0.3538291 ; 0.3540322 ; 0.1163
20022.0 ; 118 ; 0.40 ; 0.3537528 ; 0.3539409 ; 0.1166
20037.8 ; 119 ; 0.44 ; 0.3536048 ; 0.3537885 ; 0.1166
20053.6 ; 120 ; 0.42 ; 0.3535131 ; 0.3536805 ; 0.1172
20069.3 ; 121 ; 0.42 ; 0.3534076 ; 0.3535586 ; 0.1176
20085.2 ; 122 ; 0.48 ; 0.3533098 ; 0.3534574 ; 0.1178
20101.4 ; 123 ; 0.34 ; 0.3531992 ; 0.3533452 ; 0.1178
20117.9 ; 124 ; 0.45 ; 0.3530137 ; 0.3531098 ; 0.1187
20134.2 ; 125 ; 0.41 ; 0.3529020 ; 0.3529818 ; 0.1192
20150.5 ; 126 ; 0.47 ; 0.3528050 ; 0.3528932 ; 0.1194
20166.7 ; 127 ; 0.46 ; 0.3526236 ; 0.3526835 ; 0.1200
20182.5 ; 128 ; 0.34 ; 0.3525354 ; 0.3525745 ; 0.1209
20198.9 ; 129 ; 0.40 ; 0.3523789 ; 0.3523962 ; 0.1206
20214.9 ; 130 ; 0.40 ; 0.3522823 ; 0.3522860 ; 0.1207
20230.8 ; 131 ; 0.38 ; 0.3520927 ; 0.3520720 ; 0.1214
20246.9 ; 132 ; 0.47 ; 0.3519263 ; 0.3518831 ; 0.1217
20262.9 ; 133 ; 0.40 ; 0.3518219 ; 0.3517934 ; 0.1222
20278.7 ; 134 ; 0.46 ; 0.3516998 ; 0.3516425 ; 0.1228
20294.3 ; 135 ; 0.41 ; 0.3514957 ; 0.3514218 ; 0.1232
20310.5 ; 136 ; 0.42 ; 0.3514396 ; 0.3513627 ; 0.1230
20326.6 ; 137 ; 0.41 ; 0.3513352 ; 0.3512454 ; 0.1232
20342.6 ; 138 ; 0.45 ; 0.3512066 ; 0.3511205 ; 0.1229
20358.7 ; 139 ; 0.33 ; 0.3511026 ; 0.3510144 ; 0.1226
20375.0 ; 140 ; 0.42 ; 0.3510018 ; 0.3508843 ; 0.1236
20391.3 ; 141 ; 0.43 ; 0.3508948 ; 0.3507799 ; 0.1236
20407.7 ; 142 ; 0.44 ; 0.3507170 ; 0.3505913 ; 0.1238
20424.1 ; 143 ; 0.36 ; 0.3506004 ; 0.3504686 ; 0.1242
20440.5 ; 144 ; 0.38 ; 0.3505278 ; 0.3503789 ; 0.1245
20457.1 ; 145 ; 0.40 ; 0.3503941 ; 0.3502413 ; 0.1241
20473.3 ; 146 ; 0.35 ; 0.3502095 ; 0.3500416 ; 0.1250
20489.3 ; 147 ; 0.53 ; 0.3501005 ; 0.3499230 ; 0.1251
20505.2 ; 148 ; 0.36 ; 0.3500246 ; 0.3498321 ; 0.1255
20521.2 ; 149 ; 0.35 ; 0.3499025 ; 0.3496897 ; 0.1255
20537.2 ; 150 ; 0.37 ; 0.3498270 ; 0.3496096 ; 0.1265
20553.1 ; 151 ; 0.47 ; 0.3497431 ; 0.3495188 ; 0.1269
20569.2 ; 152 ; 0.42 ; 0.3496143 ; 0.3493824 ; 0.1265
20585.7 ; 153 ; 0.32 ; 0.3495092 ; 0.3492785 ; 0.1261
20601.8 ; 154 ; 0.46 ; 0.3493512 ; 0.3491070 ; 0.1266
20618.0 ; 155 ; 0.45 ; 0.3492273 ; 0.3489864 ; 0.1269
20634.0 ; 156 ; 0.38 ; 0.3491388 ; 0.3489046 ; 0.1270
20650.8 ; 157 ; 0.33 ; 0.3490533 ; 0.3488391 ; 0.1273
20666.8 ; 158 ; 0.43 ; 0.3489305 ; 0.3487018 ; 0.1270
20682.9 ; 159 ; 0.34 ; 0.3488528 ; 0.3486199 ; 0.1271
20698.8 ; 160 ; 0.44 ; 0.3487099 ; 0.3484693 ; 0.1277
20715.0 ; 161 ; 0.41 ; 0.3486368 ; 0.3483863 ; 0.1281
20731.2 ; 162 ; 0.40 ; 0.3485175 ; 0.3482569 ; 0.1282
20747.2 ; 163 ; 0.49 ; 0.3483910 ; 0.3481235 ; 0.1285
20762.8 ; 164 ; 0.46 ; 0.3482637 ; 0.3479899 ; 0.1285
20779.3 ; 165 ; 0.43 ; 0.3481467 ; 0.3478669 ; 0.1289
20795.8 ; 166 ; 0.39 ; 0.3480371 ; 0.3477397 ; 0.1295
20812.2 ; 167 ; 0.43 ; 0.3479766 ; 0.3476586 ; 0.1289
20828.6 ; 168 ; 0.38 ; 0.3479005 ; 0.3475766 ; 0.1288
20845.0 ; 169 ; 0.38 ; 0.3477617 ; 0.3474281 ; 0.1293
20861.3 ; 170 ; 0.39 ; 0.3477019 ; 0.3473675 ; 0.1290
20877.6 ; 171 ; 0.35 ; 0.3475894 ; 0.3472336 ; 0.1295
20893.7 ; 172 ; 0.38 ; 0.3475079 ; 0.3471361 ; 0.1293
20909.4 ; 173 ; 0.51 ; 0.3473930 ; 0.3470116 ; 0.1299
20925.8 ; 174 ; 0.47 ; 0.3472875 ; 0.3468956 ; 0.1300
20942.0 ; 175 ; 0.41 ; 0.3471668 ; 0.3467611 ; 0.1303
20958.3 ; 176 ; 0.39 ; 0.3471015 ; 0.3467087 ; 0.1298
20974.3 ; 177 ; 0.38 ; 0.3470180 ; 0.3466333 ; 0.1302
20989.9 ; 178 ; 0.49 ; 0.3468907 ; 0.3465050 ; 0.1307
21005.8 ; 179 ; 0.45 ; 0.3468297 ; 0.3464396 ; 0.1307
21021.8 ; 180 ; 0.39 ; 0.3467315 ; 0.3463311 ; 0.1306
21037.7 ; 181 ; 0.36 ; 0.3466243 ; 0.3461972 ; 0.1310
21053.7 ; 182 ; 0.43 ; 0.3465484 ; 0.3461389 ; 0.1305
21069.5 ; 183 ; 0.47 ; 0.3464358 ; 0.3460181 ; 0.1314
21085.4 ; 184 ; 0.36 ; 0.3463167 ; 0.3459024 ; 0.1315
21101.1 ; 185 ; 0.41 ; 0.3462230 ; 0.3458145 ; 0.1318
21117.1 ; 186 ; 0.33 ; 0.3461580 ; 0.3457527 ; 0.1321
21133.0 ; 187 ; 0.47 ; 0.3460566 ; 0.3456405 ; 0.1318
21149.2 ; 188 ; 0.32 ; 0.3459876 ; 0.3455746 ; 0.1326
21165.8 ; 189 ; 0.32 ; 0.3459180 ; 0.3454889 ; 0.1325
21182.0 ; 190 ; 0.40 ; 0.3458309 ; 0.3453775 ; 0.1329
21198.0 ; 191 ; 0.40 ; 0.3457121 ; 0.3452658 ; 0.1328
21214.3 ; 192 ; 0.33 ; 0.3456076 ; 0.3451577 ; 0.1327
21230.3 ; 193 ; 0.39 ; 0.3455506 ; 0.3450867 ; 0.1336
21246.1 ; 194 ; 0.44 ; 0.3454579 ; 0.3449736 ; 0.1331
21262.0 ; 195 ; 0.34 ; 0.3453949 ; 0.3449188 ; 0.1331
21278.1 ; 196 ; 0.35 ; 0.3453142 ; 0.3448345 ; 0.1330
21294.3 ; 197 ; 0.36 ; 0.3452358 ; 0.3447420 ; 0.1333
21310.4 ; 198 ; 0.44 ; 0.3451625 ; 0.3446588 ; 0.1331
21326.1 ; 199 ; 0.28 ; 0.3451209 ; 0.3446264 ; 0.1331
21355.9 ; 201 ; 0.38 ; 0.3449470 ; 0.3444506 ; 0.1335
21371.9 ; 202 ; 0.36 ; 0.3448845 ; 0.3443841 ; 0.1339
21387.5 ; 203 ; 0.33 ; 0.3448273 ; 0.3443392 ; 0.1335
21403.3 ; 204 ; 0.40 ; 0.3447988 ; 0.3443094 ; 0.1335
21418.9 ; 205 ; 0.47 ; 0.3446997 ; 0.3442099 ; 0.1336
21434.8 ; 206 ; 0.40 ; 0.3446208 ; 0.3441294 ; 0.1337
21450.8 ; 207 ; 0.38 ; 0.3445394 ; 0.3440584 ; 0.1338
21466.6 ; 208 ; 0.34 ; 0.3444446 ; 0.3439550 ; 0.1344
21482.9 ; 209 ; 0.36 ; 0.3444076 ; 0.3439101 ; 0.1340
21498.6 ; 210 ; 0.40 ; 0.3442695 ; 0.3437731 ; 0.1340
21514.3 ; 211 ; 0.42 ; 0.3442318 ; 0.3437494 ; 0.1343
21529.9 ; 212 ; 0.44 ; 0.3441254 ; 0.3436533 ; 0.1341
21545.6 ; 213 ; 0.39 ; 0.3440448 ; 0.3435500 ; 0.1345
21561.6 ; 214 ; 0.43 ; 0.3439810 ; 0.3435050 ; 0.1344
21578.2 ; 215 ; 0.37 ; 0.3439053 ; 0.3434200 ; 0.1347
21594.5 ; 216 ; 0.38 ; 0.3438466 ; 0.3433690 ; 0.1347
21610.7 ; 217 ; 0.35 ; 0.3438147 ; 0.3433303 ; 0.1352
21626.8 ; 218 ; 0.36 ; 0.3437241 ; 0.3432261 ; 0.1356
21643.3 ; 219 ; 0.39 ; 0.3436777 ; 0.3431620 ; 0.1351
21659.6 ; 220 ; 0.38 ; 0.3436337 ; 0.3431160 ; 0.1355
21676.0 ; 221 ; 0.39 ; 0.3435630 ; 0.3430497 ; 0.1355
21692.1 ; 222 ; 0.36 ; 0.3435060 ; 0.3429859 ; 0.1357
21708.5 ; 223 ; 0.37 ; 0.3434278 ; 0.3428948 ; 0.1360
21725.2 ; 224 ; 0.37 ; 0.3433278 ; 0.3428013 ; 0.1353
21741.8 ; 225 ; 0.39 ; 0.3432853 ; 0.3427590 ; 0.1353
21758.4 ; 226 ; 0.42 ; 0.3432059 ; 0.3426595 ; 0.1351
21774.9 ; 227 ; 0.45 ; 0.3431091 ; 0.3425593 ; 0.1353
21791.1 ; 228 ; 0.32 ; 0.3430682 ; 0.3425211 ; 0.1358
21807.4 ; 229 ; 0.31 ; 0.3430008 ; 0.3424700 ; 0.1363
21823.4 ; 230 ; 0.42 ; 0.3429078 ; 0.3424014 ; 0.1365
21839.8 ; 231 ; 0.31 ; 0.3428447 ; 0.3423521 ; 0.1366
21855.9 ; 232 ; 0.38 ; 0.3427375 ; 0.3422491 ; 0.1362
21872.3 ; 233 ; 0.50 ; 0.3426416 ; 0.3421516 ; 0.1360
21888.4 ; 234 ; 0.42 ; 0.3425351 ; 0.3420352 ; 0.1361
21904.4 ; 235 ; 0.36 ; 0.3424685 ; 0.3419502 ; 0.1363
21920.5 ; 236 ; 0.37 ; 0.3424253 ; 0.3419027 ; 0.1363
21936.9 ; 237 ; 0.40 ; 0.3423611 ; 0.3418248 ; 0.1362
21953.4 ; 238 ; 0.30 ; 0.3423592 ; 0.3418312 ; 0.1358
21969.5 ; 239 ; 0.34 ; 0.3423013 ; 0.3417910 ; 0.1366
21985.5 ; 240 ; 0.33 ; 0.3422262 ; 0.3417329 ; 0.1366
22001.9 ; 241 ; 0.39 ; 0.3421619 ; 0.3416907 ; 0.1365
22018.3 ; 242 ; 0.44 ; 0.3420753 ; 0.3415956 ; 0.1361
22034.5 ; 243 ; 0.38 ; 0.3420045 ; 0.3415145 ; 0.1358
22050.7 ; 244 ; 0.45 ; 0.3419335 ; 0.3414290 ; 0.1361
22066.8 ; 245 ; 0.35 ; 0.3419318 ; 0.3414441 ; 0.1360
22082.9 ; 246 ; 0.49 ; 0.3418524 ; 0.3413566 ; 0.1366
22098.8 ; 247 ; 0.42 ; 0.3417673 ; 0.3412625 ; 0.1363
22114.8 ; 248 ; 0.30 ; 0.3416610 ; 0.3411563 ; 0.1367
22131.3 ; 249 ; 0.37 ; 0.3416087 ; 0.3411261 ; 0.1368
22147.5 ; 250 ; 0.37 ; 0.3415406 ; 0.3410649 ; 0.1366
22163.6 ; 251 ; 0.45 ; 0.3414932 ; 0.3410154 ; 0.1365
22179.4 ; 252 ; 0.35 ; 0.3413806 ; 0.3409069 ; 0.1364
22195.4 ; 253 ; 0.30 ; 0.3413481 ; 0.3408734 ; 0.1368
22211.4 ; 254 ; 0.43 ; 0.3412413 ; 0.3407772 ; 0.1366
22227.9 ; 255 ; 0.31 ; 0.3412125 ; 0.3407429 ; 0.1363
22244.4 ; 256 ; 0.33 ; 0.3411247 ; 0.3406615 ; 0.1368
22260.8 ; 257 ; 0.37 ; 0.3410428 ; 0.3405851 ; 0.1367
22276.7 ; 258 ; 0.36 ; 0.3410211 ; 0.3405559 ; 0.1361
22292.9 ; 259 ; 0.33 ; 0.3409512 ; 0.3404897 ; 0.1367
22309.0 ; 260 ; 0.38 ; 0.3409229 ; 0.3404624 ; 0.1368
22324.8 ; 261 ; 0.46 ; 0.3408555 ; 0.3404011 ; 0.1365
22340.4 ; 262 ; 0.46 ; 0.3407509 ; 0.3403037 ; 0.1365
22356.1 ; 263 ; 0.30 ; 0.3406946 ; 0.3402382 ; 0.1364
22372.2 ; 264 ; 0.39 ; 0.3406448 ; 0.3401970 ; 0.1362
22388.1 ; 265 ; 0.39 ; 0.3405390 ; 0.3400985 ; 0.1362
22404.0 ; 266 ; 0.40 ; 0.3404513 ; 0.3399985 ; 0.1364
22419.8 ; 267 ; 0.32 ; 0.3404175 ; 0.3399658 ; 0.1365
22436.3 ; 268 ; 0.34 ; 0.3403725 ; 0.3399169 ; 0.1365
22452.5 ; 269 ; 0.38 ; 0.3403199 ; 0.3398765 ; 0.1368
22468.9 ; 270 ; 0.39 ; 0.3402310 ; 0.3397953 ; 0.1365
22484.9 ; 271 ; 0.35 ; 0.3401252 ; 0.3396768 ; 0.1367
22500.8 ; 272 ; 0.42 ; 0.3400446 ; 0.3396083 ; 0.1371
22517.3 ; 273 ; 0.35 ; 0.3400128 ; 0.3395729 ; 0.1365
22533.6 ; 274 ; 0.41 ; 0.3399729 ; 0.3395436 ; 0.1367
22549.6 ; 275 ; 0.41 ; 0.3398602 ; 0.3394249 ; 0.1368
22565.9 ; 276 ; 0.43 ; 0.3397891 ; 0.3393690 ; 0.1371
22582.0 ; 277 ; 0.35 ; 0.3397273 ; 0.3392934 ; 0.1367
22597.5 ; 278 ; 0.43 ; 0.3397035 ; 0.3392897 ; 0.1368
22613.1 ; 279 ; 0.37 ; 0.3396379 ; 0.3392185 ; 0.1373
22628.9 ; 280 ; 0.31 ; 0.3395785 ; 0.3391709 ; 0.1372
22644.8 ; 281 ; 0.30 ; 0.3395343 ; 0.3391233 ; 0.1376
22660.8 ; 282 ; 0.39 ; 0.3394467 ; 0.3390224 ; 0.1375
22677.1 ; 283 ; 0.32 ; 0.3394144 ; 0.3390032 ; 0.1374
22693.6 ; 284 ; 0.42 ; 0.3393462 ; 0.3389427 ; 0.1378
22709.8 ; 285 ; 0.37 ; 0.3392819 ; 0.3388717 ; 0.1373
22725.8 ; 286 ; 0.35 ; 0.3392373 ; 0.3388329 ; 0.1381
22741.7 ; 287 ; 0.37 ; 0.3391442 ; 0.3387614 ; 0.1380
22757.6 ; 288 ; 0.41 ; 0.3390734 ; 0.3386856 ; 0.1381
22773.5 ; 289 ; 0.29 ; 0.3390300 ; 0.3386352 ; 0.1380
22789.6 ; 290 ; 0.31 ; 0.3389822 ; 0.3385871 ; 0.1380
22805.5 ; 291 ; 0.44 ; 0.3388639 ; 0.3384959 ; 0.1379
22821.4 ; 292 ; 0.35 ; 0.3388395 ; 0.3384536 ; 0.1383
22837.3 ; 293 ; 0.43 ; 0.3387495 ; 0.3383726 ; 0.1387
22853.6 ; 294 ; 0.34 ; 0.3387262 ; 0.3383307 ; 0.1381
22869.6 ; 295 ; 0.37 ; 0.3386445 ; 0.3382538 ; 0.1380
22885.5 ; 296 ; 0.36 ; 0.3386105 ; 0.3382238 ; 0.1379
22901.5 ; 297 ; 0.29 ; 0.3385406 ; 0.3381708 ; 0.1380
22917.8 ; 298 ; 0.39 ; 0.3384917 ; 0.3381150 ; 0.1379
22933.8 ; 299 ; 0.34 ; 0.3384195 ; 0.3380572 ; 0.1379
22963.8 ; 1 ; 0.31 ; 0.3383049 ; 0.3379496 ; 0.1387
22979.7 ; 2 ; 0.39 ; 0.3382685 ; 0.3379028 ; 0.1385
22995.5 ; 3 ; 0.37 ; 0.3381699 ; 0.3378011 ; 0.1387
23011.4 ; 4 ; 0.34 ; 0.3381247 ; 0.3377511 ; 0.1385
23027.2 ; 5 ; 0.37 ; 0.3381004 ; 0.3377252 ; 0.1388
23043.0 ; 6 ; 0.42 ; 0.3380329 ; 0.3376549 ; 0.1384
23059.0 ; 7 ; 0.39 ; 0.3379991 ; 0.3376155 ; 0.1385
23075.4 ; 8 ; 0.32 ; 0.3379199 ; 0.3375202 ; 0.1387
23091.2 ; 9 ; 0.22 ; 0.3379294 ; 0.3375306 ; 0.1386
23107.1 ; 10 ; 0.36 ; 0.3378888 ; 0.3374975 ; 0.1388
23123.3 ; 11 ; 0.40 ; 0.3378297 ; 0.3374219 ; 0.1387
23139.3 ; 12 ; 0.38 ; 0.3377531 ; 0.3373389 ; 0.1385
23155.3 ; 13 ; 0.36 ; 0.3377022 ; 0.3372799 ; 0.1386
23171.0 ; 14 ; 0.32 ; 0.3376316 ; 0.3372129 ; 0.1388
23186.8 ; 15 ; 0.41 ; 0.3376046 ; 0.3371828 ; 0.1387
23202.6 ; 16 ; 0.34 ; 0.3375242 ; 0.3371186 ; 0.1385
23218.9 ; 17 ; 0.39 ; 0.3375088 ; 0.3371030 ; 0.1384
23235.1 ; 18 ; 0.37 ; 0.3374629 ; 0.3370613 ; 0.1384
23251.1 ; 19 ; 0.37 ; 0.3374137 ; 0.3370268 ; 0.1386
23267.0 ; 20 ; 0.38 ; 0.3373078 ; 0.3369214 ; 0.1388
23283.3 ; 21 ; 0.28 ; 0.3373138 ; 0.3369403 ; 0.1382
23299.6 ; 22 ; 0.43 ; 0.3372278 ; 0.3368626 ; 0.1387
23315.8 ; 23 ; 0.37 ; 0.3371863 ; 0.3368173 ; 0.1387
23332.3 ; 24 ; 0.23 ; 0.3371174 ; 0.3367623 ; 0.1386
23348.6 ; 25 ; 0.39 ; 0.3370756 ; 0.3367184 ; 0.1388
23364.7 ; 26 ; 0.39 ; 0.3369989 ; 0.3366370 ; 0.1390
23380.9 ; 27 ; 0.35 ; 0.3369145 ; 0.3365462 ; 0.1392
23397.0 ; 28 ; 0.31 ; 0.3368626 ; 0.3364929 ; 0.1395
23412.7 ; 29 ; 0.28 ; 0.3368111 ; 0.3364606 ; 0.1391
23428.7 ; 30 ; 0.39 ; 0.3367623 ; 0.3364321 ; 0.1391
23444.7 ; 31 ; 0.38 ; 0.3367176 ; 0.3363715 ; 0.1394
23460.4 ; 32 ; 0.37 ; 0.3366485 ; 0.3362946 ; 0.1396
23476.7 ; 33 ; 0.34 ; 0.3366008 ; 0.3362493 ; 0.1402
23492.8 ; 34 ; 0.32 ; 0.3365443 ; 0.3361962 ; 0.1402
23508.8 ; 35 ; 0.39 ; 0.3365203 ; 0.3361626 ; 0.1399
23524.8 ; 36 ; 0.46 ; 0.3365000 ; 0.3361365 ; 0.1400
23540.6 ; 37 ; 0.33 ; 0.3364188 ; 0.3360564 ; 0.1403
23557.0 ; 38 ; 0.41 ; 0.3363717 ; 0.3359999 ; 0.1406
23573.6 ; 39 ; 0.35 ; 0.3363095 ; 0.3359371 ; 0.1403
23589.7 ; 40 ; 0.29 ; 0.3362881 ; 0.3359122 ; 0.1403
23605.6 ; 41 ; 0.26 ; 0.3362462 ; 0.3358867 ; 0.1408
23621.7 ; 42 ; 0.40 ; 0.3361506 ; 0.3357892 ; 0.1407
23638.1 ; 43 ; 0.33 ; 0.3361004 ; 0.3357235 ; 0.1408
23654.4 ; 44 ; 0.29 ; 0.3360510 ; 0.3356729 ; 0.1408
23670.4 ; 45 ; 0.35 ; 0.3360283 ; 0.3356533 ; 0.1410
23686.6 ; 46 ; 0.46 ; 0.3359543 ; 0.3355871 ; 0.1409
23702.2 ; 47 ; 0.41 ; 0.3358887 ; 0.3355183 ; 0.1415
23718.1 ; 48 ; 0.34 ; 0.3358298 ; 0.3354651 ; 0.1411
23733.8 ; 49 ; 0.36 ; 0.3358002 ; 0.3354139 ; 0.1415
23749.3 ; 50 ; 0.42 ; 0.3357255 ; 0.3353308 ; 0.1411
23765.7 ; 51 ; 0.31 ; 0.3356946 ; 0.3352860 ; 0.1418
23782.0 ; 52 ; 0.40 ; 0.3356369 ; 0.3352222 ; 0.1413
23798.1 ; 53 ; 0.35 ; 0.3355871 ; 0.3351984 ; 0.1415
23814.5 ; 54 ; 0.35 ; 0.3355175 ; 0.3351334 ; 0.1416
23831.2 ; 55 ; 0.38 ; 0.3355149 ; 0.3351469 ; 0.1412
23848.0 ; 56 ; 0.34 ; 0.3354092 ; 0.3350422 ; 0.1415
23864.4 ; 57 ; 0.41 ; 0.3353813 ; 0.3350299 ; 0.1415
23880.8 ; 58 ; 0.39 ; 0.3353070 ; 0.3349597 ; 0.1413
23897.1 ; 59 ; 0.45 ; 0.3352372 ; 0.3348587 ; 0.1413
23913.4 ; 60 ; 0.37 ; 0.3351928 ; 0.3348071 ; 0.1413
23929.8 ; 61 ; 0.37 ; 0.3351230 ; 0.3347544 ; 0.1414
23945.9 ; 62 ; 0.33 ; 0.3350760 ; 0.3347072 ; 0.1414
23962.6 ; 63 ; 0.36 ; 0.3349879 ; 0.3346212 ; 0.1410
23979.0 ; 64 ; 0.41 ; 0.3349436 ; 0.3345645 ; 0.1412
23995.2 ; 65 ; 0.29 ; 0.3348484 ; 0.3344719 ; 0.1415
24011.5 ; 66 ; 0.40 ; 0.3347932 ; 0.3344050 ; 0.1416
24027.7 ; 67 ; 0.31 ; 0.3347445 ; 0.3343595 ; 0.1413
24044.0 ; 68 ; 0.34 ; 0.3346938 ; 0.3343209 ; 0.1414
24060.2 ; 69 ; 0.34 ; 0.3346079 ; 0.3342371 ; 0.1419
24076.6 ; 70 ; 0.43 ; 0.3345269 ; 0.3341527 ; 0.1416
24092.9 ; 71 ; 0.49 ; 0.3344710 ; 0.3341160 ; 0.1417
24108.8 ; 72 ; 0.32 ; 0.3344390 ; 0.3341009 ; 0.1417
24125.1 ; 73 ; 0.40 ; 0.3343561 ; 0.3340091 ; 0.1417
24141.6 ; 74 ; 0.46 ; 0.3342755 ; 0.3339415 ; 0.1413
24157.7 ; 75 ; 0.32 ; 0.3342488 ; 0.3339134 ; 0.1418
24173.6 ; 76 ; 0.32 ; 0.3341787 ; 0.3338351 ; 0.1416
24189.4 ; 77 ; 0.38 ; 0.3340938 ; 0.3337399 ; 0.1415
24205.1 ; 78 ; 0.40 ; 0.3340281 ; 0.3336713 ; 0.1425
24221.4 ; 79 ; 0.37 ; 0.3339604 ; 0.3336158 ; 0.1414
24237.4 ; 80 ; 0.47 ; 0.3338826 ; 0.3335639 ; 0.1425
24253.6 ; 81 ; 0.38 ; 0.3338034 ; 0.3334769 ; 0.1421
24270.3 ; 82 ; 0.29 ; 0.3337325 ; 0.3333904 ; 0.1419
24287.0 ; 83 ; 0.37 ; 0.3336582 ; 0.3333319 ; 0.1422
24303.2 ; 84 ; 0.40 ; 0.3335733 ; 0.3332531 ; 0.1420
24319.3 ; 85 ; 0.42 ; 0.3334894 ; 0.3331621 ; 0.1425
24335.8 ; 86 ; 0.37 ; 0.3334695 ; 0.3331373 ; 0.1419
24352.2 ; 87 ; 0.34 ; 0.3334386 ; 0.3330983 ; 0.1422
24368.5 ; 88 ; 0.36 ; 0.3333713 ; 0.3330331 ; 0.1424
24385.2 ; 89 ; 0.33 ; 0.3333408 ; 0.3330209 ; 0.1420
24401.7 ; 90 ; 0.36 ; 0.3332621 ; 0.3329438 ; 0.1423
24418.1 ; 91 ; 0.31 ; 0.3331851 ; 0.3328810 ; 0.1424
24434.5 ; 92 ; 0.35 ; 0.3331435 ; 0.3328133 ; 0.1424
24450.7 ; 93 ; 0.43 ; 0.3330806 ; 0.3327529 ; 0.1429
24467.1 ; 94 ; 0.51 ; 0.3329329 ; 0.3326030 ; 0.1427
24483.6 ; 95 ; 0.33 ; 0.3328878 ; 0.3325552 ; 0.1430
24499.6 ; 96 ; 0.40 ; 0.3327871 ; 0.3324459 ; 0.1433
24515.8 ; 97 ; 0.42 ; 0.3327722 ; 0.3324192 ; 0.1430
24531.8 ; 98 ; 0.36 ; 0.3327503 ; 0.3324042 ; 0.1426
24547.6 ; 99 ; 0.37 ; 0.3326471 ; 0.3323140 ; 0.1428
24577.8 ; 1 ; 0.34 ; 0.3324934 ; 0.3321724 ; 0.1432
24594.0 ; 2 ; 0.41 ; 0.3324117 ; 0.3321006 ; 0.1432
24610.0 ; 3 ; 0.34 ; 0.3323723 ; 0.3320691 ; 0.1433
24626.6 ; 4 ; 0.31 ; 0.3323185 ; 0.3320226 ; 0.1429
24643.0 ; 5 ; 0.37 ; 0.3322433 ; 0.3319633 ; 0.1431
24659.2 ; 6 ; 0.30 ; 0.3321864 ; 0.3318881 ; 0.1427
24675.7 ; 7 ; 0.41 ; 0.3320696 ; 0.3317878 ; 0.1437
24691.8 ; 8 ; 0.39 ; 0.3320392 ; 0.3317387 ; 0.1437
24707.9 ; 9 ; 0.35 ; 0.3319866 ; 0.3316742 ; 0.1435
24724.2 ; 10 ; 0.34 ; 0.3319113 ; 0.3316029 ; 0.1443
24740.5 ; 11 ; 0.36 ; 0.3318767 ; 0.3315584 ; 0.1434
24756.5 ; 12 ; 0.44 ; 0.3317660 ; 0.3314476 ; 0.1442
24772.4 ; 13 ; 0.36 ; 0.3317137 ; 0.3313815 ; 0.1435
24788.5 ; 14 ; 0.37 ; 0.3316647 ; 0.3313331 ; 0.1438
24804.8 ; 15 ; 0.34 ; 0.3316349 ; 0.3313170 ; 0.1437
24821.1 ; 16 ; 0.42 ; 0.3315436 ; 0.3312142 ; 0.1431
24837.2 ; 17 ; 0.40 ; 0.3314512 ; 0.3311310 ; 0.1436
24853.0 ; 18 ; 0.31 ; 0.3313877 ; 0.3310718 ; 0.1439
24869.3 ; 19 ; 0.46 ; 0.3313032 ; 0.3309794 ; 0.1441
24885.3 ; 20 ; 0.47 ; 0.3312791 ; 0.3309447 ; 0.1443
24901.3 ; 21 ; 0.42 ; 0.3311945 ; 0.3308644 ; 0.1448
24917.5 ; 22 ; 0.45 ; 0.3311058 ; 0.3307859 ; 0.1438
24933.9 ; 23 ; 0.43 ; 0.3310151 ; 0.3306994 ; 0.1445
24949.9 ; 24 ; 0.33 ; 0.3309594 ; 0.3306356 ; 0.1443
24965.9 ; 25 ; 0.34 ; 0.3308674 ; 0.3305605 ; 0.1443
24981.6 ; 26 ; 0.44 ; 0.3308198 ; 0.3305100 ; 0.1445
24997.7 ; 27 ; 0.39 ; 0.3307227 ; 0.3304157 ; 0.1448
25013.7 ; 28 ; 0.34 ; 0.3306406 ; 0.3303410 ; 0.1447
25029.5 ; 29 ; 0.40 ; 0.3305777 ; 0.3302976 ; 0.1444
25045.3 ; 30 ; 0.42 ; 0.3305326 ; 0.3302664 ; 0.1445
25061.5 ; 31 ; 0.43 ; 0.3304396 ; 0.3301564 ; 0.1450
25077.8 ; 32 ; 0.44 ; 0.3303414 ; 0.3300593 ; 0.1448
25094.1 ; 33 ; 0.45 ; 0.3302849 ; 0.3299962 ; 0.1449
25110.4 ; 34 ; 0.39 ; 0.3302096 ; 0.3299205 ; 0.1449
25126.7 ; 35 ; 0.35 ; 0.3301624 ; 0.3298531 ; 0.1449
25143.0 ; 36 ; 0.44 ; 0.3300683 ; 0.3297665 ; 0.1450
25159.6 ; 37 ; 0.37 ; 0.3300167 ; 0.3297367 ; 0.1449
25176.0 ; 38 ; 0.34 ; 0.3299467 ; 0.3296654 ; 0.1448
25192.6 ; 39 ; 0.48 ; 0.3298458 ; 0.3295665 ; 0.1452
25209.4 ; 40 ; 0.37 ; 0.3298476 ; 0.3295806 ; 0.1448
25226.1 ; 41 ; 0.35 ; 0.3297730 ; 0.3294963 ; 0.1449
25242.5 ; 42 ; 0.39 ; 0.3296858 ; 0.3294107 ; 0.1450
25258.8 ; 43 ; 0.48 ; 0.3296210 ; 0.3293549 ; 0.1450
25274.8 ; 44 ; 0.34 ; 0.3295262 ; 0.3292607 ; 0.1452
25290.6 ; 45 ; 0.37 ; 0.3294180 ; 0.3291507 ; 0.1457
25306.4 ; 46 ; 0.41 ; 0.3293656 ; 0.3291097 ; 0.1454
25322.6 ; 47 ; 0.38 ; 0.3292816 ; 0.3290195 ; 0.1455
25338.3 ; 48 ; 0.43 ; 0.3292471 ; 0.3290014 ; 0.1452
25354.2 ; 49 ; 0.36 ; 0.3291871 ; 0.3289315 ; 0.1454
25369.9 ; 50 ; 0.41 ; 0.3291371 ; 0.3288834 ; 0.1456
25385.9 ; 51 ; 0.29 ; 0.3291196 ; 0.3288694 ; 0.1452
25401.7 ; 52 ; 0.33 ; 0.3290404 ; 0.3287811 ; 0.1455
25417.9 ; 53 ; 0.27 ; 0.3289673 ; 0.3287104 ; 0.1455
25434.1 ; 54 ; 0.44 ; 0.3289223 ; 0.3286847 ; 0.1453
25450.2 ; 55 ; 0.33 ; 0.3288713 ; 0.3286393 ; 0.1453
25466.4 ; 56 ; 0.30 ; 0.3288230 ; 0.3285974 ; 0.1451
25482.4 ; 57 ; 0.43 ; 0.3287792 ; 0.3285599 ; 0.1455
25498.3 ; 58 ; 0.36 ; 0.3286999 ; 0.3284888 ; 0.1453
25514.2 ; 59 ; 0.51 ; 0.3285982 ; 0.3284008 ; 0.1455
25530.1 ; 60 ; 0.46 ; 0.3284726 ; 0.3282484 ; 0.1454
25546.4 ; 61 ; 0.37 ; 0.3284509 ; 0.3282375 ; 0.1453
25562.9 ; 62 ; 0.32 ; 0.3283905 ; 0.3281664 ; 0.1453
25579.2 ; 63 ; 0.34 ; 0.3283259 ; 0.3281145 ; 0.1455
25595.4 ; 64 ; 0.37 ; 0.3282966 ; 0.3280987 ; 0.1453
25611.5 ; 65 ; 0.42 ; 0.3281994 ; 0.3279976 ; 0.1450
25627.6 ; 66 ; 0.37 ; 0.3281450 ; 0.3279451 ; 0.1452
25644.2 ; 67 ; 0.37 ; 0.3280946 ; 0.3278984 ; 0.1455
25660.5 ; 68 ; 0.32 ; 0.3280178 ; 0.3278203 ; 0.1454
25676.6 ; 69 ; 0.36 ; 0.3279670 ; 0.3277828 ; 0.1454
25692.7 ; 70 ; 0.39 ; 0.3279427 ; 0.3277595 ; 0.1455
25709.0 ; 71 ; 0.41 ; 0.3278695 ; 0.3276946 ; 0.1455
25725.1 ; 72 ; 0.37 ; 0.3278460 ; 0.3276766 ; 0.1454
25741.0 ; 73 ; 0.30 ; 0.3278034 ; 0.3276369 ; 0.1456
25757.2 ; 74 ; 0.44 ; 0.3277261 ; 0.3275663 ; 0.1458
25773.9 ; 75 ; 0.36 ; 0.3276443 ; 0.3274869 ; 0.1459
25789.8 ; 76 ; 0.39 ; 0.3275694 ; 0.3274239 ; 0.1457
25805.7 ; 77 ; 0.40 ; 0.3274910 ; 0.3273385 ; 0.1458
25821.9 ; 78 ; 0.38 ; 0.3274395 ; 0.3272929 ; 0.1459
25838.1 ; 79 ; 0.32 ; 0.3273779 ; 0.3272156 ; 0.1461
25854.7 ; 80 ; 0.35 ; 0.3273039 ; 0.3271460 ; 0.1462
25871.1 ; 81 ; 0.38 ; 0.3272864 ; 0.3271420 ; 0.1462
25887.4 ; 82 ; 0.46 ; 0.3272138 ; 0.3270800 ; 0.1464
25903.6 ; 83 ; 0.41 ; 0.3271538 ; 0.3270177 ; 0.1464
25919.6 ; 84 ; 0.43 ; 0.3270689 ; 0.3269359 ; 0.1464
25935.7 ; 85 ; 0.35 ; 0.3269932 ; 0.3268628 ; 0.1460
25951.8 ; 86 ; 0.44 ; 0.3269270 ; 0.3268245 ; 0.1463
25967.8 ; 87 ; 0.42 ; 0.3268461 ; 0.3267453 ; 0.1465
25983.8 ; 88 ; 0.39 ; 0.3267782 ; 0.3266801 ; 0.1463
26000.2 ; 89 ; 0.39 ; 0.3267276 ; 0.3266419 ; 0.1467
26016.3 ; 90 ; 0.36 ; 0.3266504 ; 0.3265615 ; 0.1471
26032.4 ; 91 ; 0.41 ; 0.3266130 ; 0.3265135 ; 0.1467
26048.2 ; 92 ; 0.36 ; 0.3265344 ; 0.3264509 ; 0.1469
26064.2 ; 93 ; 0.40 ; 0.3264617 ; 0.3263911 ; 0.1465
26081.1 ; 94 ; 0.35 ; 0.3264055 ; 0.3263322 ; 0.1471
26097.8 ; 95 ; 0.35 ; 0.3264144 ; 0.3263370 ; 0.1467
26114.2 ; 96 ; 0.41 ; 0.3263347 ; 0.3262590 ; 0.1470
26130.7 ; 97 ; 0.38 ; 0.3262883 ; 0.3262208 ; 0.1473
26147.3 ; 98 ; 0.46 ; 0.3262407 ; 0.3261804 ; 0.1472
26164.1 ; 99 ; 0.34 ; 0.3262109 ; 0.3261506 ; 0.1472
26194.7 ; 1 ; 0.37 ; 0.3260879 ; 0.3260166 ; 0.1466
26210.9 ; 2 ; 0.29 ; 0.3260728 ; 0.3260005 ; 0.1469
26227.0 ; 3 ; 0.35 ; 0.3259841 ; 0.3258988 ; 0.1470
26242.8 ; 4 ; 0.35 ; 0.3259650 ; 0.3258823 ; 0.1473
26259.0 ; 5 ; 0.44 ; 0.3258821 ; 0.3258072 ; 0.1473
26274.9 ; 6 ; 0.36 ; 0.3258085 ; 0.3257153 ; 0.1470
26290.8 ; 7 ; 0.30 ; 0.3258070 ; 0.3257308 ; 0.1466
26306.8 ; 8 ; 0.31 ; 0.3257635 ; 0.3256868 ; 0.1469
26322.9 ; 9 ; 0.46 ; 0.3257017 ; 0.3256302 ; 0.1466
26338.8 ; 10 ; 0.37 ; 0.3256392 ; 0.3255835 ; 0.1470
26354.8 ; 11 ; 0.41 ; 0.3255705 ; 0.3255062 ; 0.1468
26370.7 ; 12 ; 0.39 ; 0.3255122 ; 0.3254569 ; 0.1468
26386.5 ; 13 ; 0.36 ; 0.3254677 ; 0.3254219 ; 0.1471
26402.5 ; 14 ; 0.42 ; 0.3253852 ; 0.3253568 ; 0.1473
26418.3 ; 15 ; 0.30 ; 0.3253059 ; 0.3252641 ; 0.1473
26434.1 ; 16 ; 0.41 ; 0.3252408 ; 0.3251858 ; 0.1471
26449.9 ; 17 ; 0.35 ; 0.3252038 ; 0.3251519 ; 0.1472
26465.7 ; 18 ; 0.41 ; 0.3251506 ; 0.3251091 ; 0.1472
26481.6 ; 19 ; 0.39 ; 0.3251121 ; 0.3250807 ; 0.1474
26497.6 ; 20 ; 0.43 ; 0.3250620 ; 0.3250429 ; 0.1477
26513.4 ; 21 ; 0.35 ; 0.3249973 ; 0.3249771 ; 0.1476
26529.2 ; 22 ; 0.38 ; 0.3249614 ; 0.3249336 ; 0.1479
26545.1 ; 23 ; 0.37 ; 0.3249345 ; 0.3249047 ; 0.1474
26561.1 ; 24 ; 0.36 ; 0.3248903 ; 0.3248616 ; 0.1476
26576.9 ; 25 ; 0.42 ; 0.3248163 ; 0.3247812 ; 0.1476
26592.7 ; 26 ; 0.27 ; 0.3248135 ; 0.3247836 ; 0.1479
26608.7 ; 27 ; 0.36 ; 0.3247401 ; 0.3247071 ; 0.1478
26625.1 ; 28 ; 0.33 ; 0.3246916 ; 0.3246466 ; 0.1474
26641.4 ; 29 ; 0.33 ; 0.3246300 ; 0.3245921 ; 0.1476
26657.8 ; 30 ; 0.35 ; 0.3246052 ; 0.3245804 ; 0.1473
26673.8 ; 31 ; 0.36 ; 0.3245984 ; 0.3245859 ; 0.1474
26689.7 ; 32 ; 0.28 ; 0.3245821 ; 0.3245681 ; 0.1472
26706.0 ; 33 ; 0.38 ; 0.3245058 ; 0.3244929 ; 0.1475
26722.3 ; 34 ; 0.41 ; 0.3244491 ; 0.3244429 ; 0.1477
26738.5 ; 35 ; 0.33 ; 0.3244099 ; 0.3244063 ; 0.1470
26754.2 ; 36 ; 0.30 ; 0.3243523 ; 0.3243254 ; 0.1473
26769.9 ; 37 ; 0.42 ; 0.3243110 ; 0.3243090 ; 0.1475
26786.1 ; 38 ; 0.28 ; 0.3242501 ; 0.3242485 ; 0.1471
26802.9 ; 39 ; 0.40 ; 0.3242105 ; 0.3242187 ; 0.1474
26819.4 ; 40 ; 0.34 ; 0.3241496 ; 0.3241538 ; 0.1475
26835.9 ; 41 ; 0.34 ; 0.3240937 ; 0.3241078 ; 0.1475
26852.1 ; 42 ; 0.43 ; 0.3240444 ; 0.3240544 ; 0.1475
26868.1 ; 43 ; 0.34 ; 0.3240154 ; 0.3240165 ; 0.1472
26884.1 ; 44 ; 0.42 ; 0.3239385 ; 0.3239484 ; 0.1481
26900.1 ; 45 ; 0.37 ; 0.3238969 ; 0.3239142 ; 0.1475
26916.1 ; 46 ; 0.37 ; 0.3238894 ; 0.3239146 ; 0.1477
26931.7 ; 47 ; 0.37 ; 0.3238155 ; 0.3238334 ; 0.1478
26947.4 ; 48 ; 0.41 ; 0.3237433 ; 0.3237639 ; 0.1479
26963.3 ; 49 ; 0.48 ; 0.3237188 ; 0.3237441 ; 0.1483
26979.4 ; 50 ; 0.34 ; 0.3237038 ; 0.3237341 ; 0.1481
26995.3 ; 51 ; 0.38 ; 0.3236434 ; 0.3236651 ; 0.1475
27011.1 ; 52 ; 0.32 ; 0.3236215 ; 0.3236532 ; 0.1469
27027.0 ; 53 ; 0.36 ; 0.3235585 ; 0.3235823 ; 0.1474
27043.5 ; 54 ; 0.44 ; 0.3234966 ; 0.3235345 ; 0.1470
27059.7 ; 55 ; 0.34 ; 0.3234330 ; 0.3234835 ; 0.1466
27075.6 ; 56 ; 0.38 ; 0.3233790 ; 0.3234408 ; 0.1467
27091.7 ; 57 ; 0.32 ; 0.3233496 ; 0.3234079 ; 0.1465
27108.2 ; 58 ; 0.32 ; 0.3233108 ; 0.3233749 ; 0.1475
27124.5 ; 59 ; 0.34 ; 0.3232588 ; 0.3233142 ; 0.1470
27140.8 ; 60 ; 0.37 ; 0.3232317 ; 0.3233002 ; 0.1472
27156.6 ; 61 ; 0.31 ; 0.3231490 ; 0.3232001 ; 0.1468
27173.0 ; 62 ; 0.34 ; 0.3231064 ; 0.3231663 ; 0.1469
27189.5 ; 63 ; 0.37 ; 0.3230389 ; 0.3230763 ; 0.1473
27205.7 ; 64 ; 0.33 ; 0.3230403 ; 0.3230774 ; 0.1471
27221.6 ; 65 ; 0.30 ; 0.3230028 ; 0.3230267 ; 0.1475
27237.7 ; 66 ; 0.30 ; 0.3229479 ; 0.3229836 ; 0.1476
27253.6 ; 67 ; 0.27 ; 0.3229258 ; 0.3229604 ; 0.1473
27269.5 ; 68 ; 0.24 ; 0.3228940 ; 0.3229420 ; 0.1474
27285.8 ; 69 ; 0.24 ; 0.3228743 ; 0.3229177 ; 0.1475
27301.7 ; 70 ; 0.38 ; 0.3227821 ; 0.3228348 ; 0.1480
27317.5 ; 71 ; 0.36 ; 0.3227609 ; 0.3228057 ; 0.1474
27333.4 ; 72 ; 0.44 ; 0.3226937 ; 0.3227385 ; 0.1475
27349.1 ; 73 ; 0.32 ; 0.3226646 ; 0.3227019 ; 0.1469
27364.9 ; 74 ; 0.34 ; 0.3225851 ; 0.3226237 ; 0.1472
27381.2 ; 75 ; 0.37 ; 0.3225307 ; 0.3225787 ; 0.1473
27397.4 ; 76 ; 0.30 ; 0.3224867 ; 0.3225210 ; 0.1472
27413.4 ; 77 ; 0.39 ; 0.3224289 ; 0.3224480 ; 0.1474
27429.3 ; 78 ; 0.42 ; 0.3223750 ; 0.3224032 ; 0.1477
27445.4 ; 79 ; 0.38 ; 0.3223554 ; 0.3223808 ; 0.1474
27461.8 ; 80 ; 0.33 ; 0.3223340 ; 0.3223487 ; 0.1476
27478.1 ; 81 ; 0.38 ; 0.3222819 ; 0.3223160 ; 0.1476
27494.3 ; 82 ; 0.31 ; 0.3222458 ; 0.3222667 ; 0.1472
27510.6 ; 83 ; 0.38 ; 0.3222076 ; 0.3222155 ; 0.1476
27527.0 ; 84 ; 0.31 ; 0.3221630 ; 0.3221726 ; 0.1476
27543.1 ; 85 ; 0.39 ; 0.3221168 ; 0.3221247 ; 0.1478
27559.2 ; 86 ; 0.28 ; 0.3221053 ; 0.3221247 ; 0.1477
27575.1 ; 87 ; 0.29 ; 0.3220456 ; 0.3220665 ; 0.1478
27591.1 ; 88 ; 0.39 ; 0.3219757 ; 0.3220058 ; 0.1474
27607.3 ; 89 ; 0.38 ; 0.3219647 ; 0.3219785 ; 0.1478
27623.7 ; 90 ; 0.35 ; 0.3219186 ; 0.3219254 ; 0.1478
27640.0 ; 91 ; 0.30 ; 0.3218806 ; 0.3218717 ; 0.1477
27655.9 ; 92 ; 0.27 ; 0.3218470 ; 0.3218547 ; 0.1476
27672.3 ; 93 ; 0.40 ; 0.3217827 ; 0.3217925 ; 0.1477
27688.5 ; 94 ; 0.36 ; 0.3217548 ; 0.3217569 ; 0.1475
27704.6 ; 95 ; 0.34 ; 0.3217000 ; 0.3216968 ; 0.1476
27720.6 ; 96 ; 0.30 ; 0.3216586 ; 0.3216528 ; 0.1477
27737.0 ; 97 ; 0.35 ; 0.3216457 ; 0.3216413 ; 0.1473
27753.3 ; 98 ; 0.33 ; 0.3216441 ; 0.3216445 ; 0.1471
27769.6 ; 99 ; 0.35 ; 0.3215753 ; 0.3215949 ; 0.1472
