7816
[216, 576, 3920, 576, 576, 720, 576, 576, 80]
[[8, 27], [8, 72], [10, 392], [8, 72], [8, 72], [10, 72], [8, 72], [8, 72], [10, 8]]
0.1191
0.3297947347164154
26.6 ; 1 ; 0.23 ; 0.3203299 ; 0.3204499 ; 0.1365
40.8 ; 2 ; 0.20 ; 0.3174995 ; 0.3175031 ; 0.1598
54.9 ; 3 ; 0.11 ; 0.3159087 ; 0.3159564 ; 0.1783
68.8 ; 4 ; 0.11 ; 0.3134922 ; 0.3132640 ; 0.1814
83.1 ; 5 ; 0.10 ; 0.3116489 ; 0.3114952 ; 0.1978
97.1 ; 6 ; 0.05 ; 0.3107488 ; 0.3107134 ; 0.2022
111.2 ; 7 ; 0.05 ; 0.3088109 ; 0.3088980 ; 0.1899
125.5 ; 8 ; 0.08 ; 0.3074958 ; 0.3075099 ; 0.1956
139.6 ; 9 ; 0.04 ; 0.3067575 ; 0.3067039 ; 0.1974
153.7 ; 10 ; 0.06 ; 0.3057769 ; 0.3058775 ; 0.2137
167.4 ; 11 ; 0.05 ; 0.3050376 ; 0.3051154 ; 0.2074
181.7 ; 12 ; 0.07 ; 0.3040212 ; 0.3038931 ; 0.2094
196.2 ; 13 ; 0.09 ; 0.3018830 ; 0.3020124 ; 0.2145
210.6 ; 14 ; 0.04 ; 0.3010174 ; 0.3010273 ; 0.2215
224.7 ; 15 ; 0.06 ; 0.3000121 ; 0.2998505 ; 0.2301
239.1 ; 16 ; 0.04 ; 0.2997100 ; 0.2994559 ; 0.2330
253.1 ; 17 ; 0.05 ; 0.2986554 ; 0.2985243 ; 0.2365
267.4 ; 18 ; 0.02 ; 0.2986076 ; 0.2985604 ; 0.2329
281.4 ; 19 ; 0.01 ; 0.2984961 ; 0.2984654 ; 0.2355
295.4 ; 20 ; 0.02 ; 0.2981548 ; 0.2981163 ; 0.2381
309.4 ; 21 ; 0.05 ; 0.2974948 ; 0.2973800 ; 0.2380
323.5 ; 22 ; 0.04 ; 0.2968504 ; 0.2968350 ; 0.2381
337.6 ; 23 ; 0.03 ; 0.2959611 ; 0.2958851 ; 0.2430
351.7 ; 24 ; 0.02 ; 0.2957629 ; 0.2954911 ; 0.2427
365.8 ; 25 ; 0.04 ; 0.2953446 ; 0.2951408 ; 0.2462
380.1 ; 26 ; 0.02 ; 0.2953266 ; 0.2950524 ; 0.2469
394.2 ; 27 ; 0.05 ; 0.2948496 ; 0.2946794 ; 0.2466
sigma=0.010000000000000002
408.2 ; 28 ; 0.00 ; 0.2948496 ; 0.2946794 ; 0.2466
422.3 ; 29 ; 0.35 ; 0.2938895 ; 0.2936269 ; 0.2527
436.3 ; 30 ; 0.27 ; 0.2935597 ; 0.2932962 ; 0.2542
450.4 ; 31 ; 0.21 ; 0.2930779 ; 0.2927513 ; 0.2600
464.4 ; 32 ; 0.28 ; 0.2924381 ; 0.2920541 ; 0.2611
478.6 ; 33 ; 0.28 ; 0.2919639 ; 0.2915749 ; 0.2636
492.6 ; 34 ; 0.30 ; 0.2912704 ; 0.2909540 ; 0.2666
507.1 ; 35 ; 0.29 ; 0.2908379 ; 0.2904737 ; 0.2691
521.3 ; 36 ; 0.17 ; 0.2904978 ; 0.2901333 ; 0.2681
535.2 ; 37 ; 0.22 ; 0.2901794 ; 0.2898147 ; 0.2681
549.2 ; 38 ; 0.33 ; 0.2897516 ; 0.2893265 ; 0.2715
563.4 ; 39 ; 0.29 ; 0.2893442 ; 0.2889054 ; 0.2720
577.8 ; 40 ; 0.37 ; 0.2887388 ; 0.2882752 ; 0.2753
592.2 ; 41 ; 0.31 ; 0.2881216 ; 0.2877398 ; 0.2771
606.3 ; 42 ; 0.24 ; 0.2876871 ; 0.2872251 ; 0.2779
620.7 ; 43 ; 0.25 ; 0.2873718 ; 0.2868763 ; 0.2817
634.7 ; 44 ; 0.25 ; 0.2868963 ; 0.2863897 ; 0.2854
649.0 ; 45 ; 0.16 ; 0.2866011 ; 0.2860985 ; 0.2862
662.9 ; 46 ; 0.25 ; 0.2862114 ; 0.2857212 ; 0.2841
677.0 ; 47 ; 0.19 ; 0.2858613 ; 0.2853175 ; 0.2883
691.1 ; 48 ; 0.29 ; 0.2853781 ; 0.2848368 ; 0.2911
705.1 ; 49 ; 0.18 ; 0.2850216 ; 0.2844491 ; 0.2934
719.4 ; 50 ; 0.18 ; 0.2847373 ; 0.2841794 ; 0.2957
733.6 ; 51 ; 0.21 ; 0.2845786 ; 0.2839787 ; 0.2931
747.9 ; 52 ; 0.21 ; 0.2842446 ; 0.2836428 ; 0.2962
761.8 ; 53 ; 0.31 ; 0.2839238 ; 0.2833489 ; 0.2970
775.8 ; 54 ; 0.22 ; 0.2835634 ; 0.2829619 ; 0.2965
790.3 ; 55 ; 0.22 ; 0.2831295 ; 0.2825854 ; 0.2990
804.2 ; 56 ; 0.24 ; 0.2827850 ; 0.2822231 ; 0.3022
818.4 ; 57 ; 0.17 ; 0.2825988 ; 0.2820365 ; 0.3021
832.5 ; 58 ; 0.22 ; 0.2822983 ; 0.2817258 ; 0.3041
846.4 ; 59 ; 0.30 ; 0.2816967 ; 0.2811569 ; 0.3081
860.4 ; 60 ; 0.15 ; 0.2814780 ; 0.2810356 ; 0.3078
874.3 ; 61 ; 0.15 ; 0.2813145 ; 0.2808232 ; 0.3092
888.5 ; 62 ; 0.18 ; 0.2809754 ; 0.2804551 ; 0.3076
902.5 ; 63 ; 0.25 ; 0.2806482 ; 0.2802299 ; 0.3100
916.5 ; 64 ; 0.14 ; 0.2804314 ; 0.2800488 ; 0.3105
930.8 ; 65 ; 0.28 ; 0.2800305 ; 0.2797265 ; 0.3134
945.0 ; 66 ; 0.25 ; 0.2797215 ; 0.2794143 ; 0.3147
959.1 ; 67 ; 0.22 ; 0.2793412 ; 0.2790602 ; 0.3152
973.1 ; 68 ; 0.16 ; 0.2790808 ; 0.2788432 ; 0.3176
987.5 ; 69 ; 0.17 ; 0.2789349 ; 0.2786713 ; 0.3168
1001.6 ; 70 ; 0.22 ; 0.2786092 ; 0.2783184 ; 0.3180
1015.6 ; 71 ; 0.24 ; 0.2783552 ; 0.2780209 ; 0.3224
1029.7 ; 72 ; 0.21 ; 0.2779772 ; 0.2776417 ; 0.3235
1043.6 ; 73 ; 0.19 ; 0.2776311 ; 0.2774158 ; 0.3236
1057.3 ; 74 ; 0.17 ; 0.2774428 ; 0.2771494 ; 0.3244
1071.1 ; 75 ; 0.33 ; 0.2770735 ; 0.2767495 ; 0.3284
1085.2 ; 76 ; 0.16 ; 0.2768376 ; 0.2764744 ; 0.3287
1099.3 ; 77 ; 0.20 ; 0.2766234 ; 0.2762201 ; 0.3282
1113.4 ; 78 ; 0.14 ; 0.2764637 ; 0.2762391 ; 0.3254
1127.2 ; 79 ; 0.21 ; 0.2761286 ; 0.2758325 ; 0.3298
1141.2 ; 80 ; 0.13 ; 0.2759522 ; 0.2756423 ; 0.3302
1155.7 ; 81 ; 0.20 ; 0.2756145 ; 0.2753394 ; 0.3300
1169.6 ; 82 ; 0.19 ; 0.2753052 ; 0.2750345 ; 0.3301
1183.7 ; 83 ; 0.20 ; 0.2751256 ; 0.2748391 ; 0.3325
1197.9 ; 84 ; 0.16 ; 0.2749685 ; 0.2746618 ; 0.3344
1212.2 ; 85 ; 0.21 ; 0.2747265 ; 0.2744664 ; 0.3338
1226.2 ; 86 ; 0.18 ; 0.2744693 ; 0.2742076 ; 0.3350
1240.4 ; 87 ; 0.22 ; 0.2741655 ; 0.2738886 ; 0.3340
1254.6 ; 88 ; 0.16 ; 0.2740874 ; 0.2738103 ; 0.3331
1268.6 ; 89 ; 0.12 ; 0.2739541 ; 0.2737519 ; 0.3314
1282.9 ; 90 ; 0.23 ; 0.2735526 ; 0.2732931 ; 0.3347
1296.8 ; 91 ; 0.20 ; 0.2732870 ; 0.2730716 ; 0.3349
1311.2 ; 92 ; 0.15 ; 0.2729974 ; 0.2728195 ; 0.3366
1325.5 ; 93 ; 0.16 ; 0.2728149 ; 0.2726540 ; 0.3368
1339.5 ; 94 ; 0.14 ; 0.2724277 ; 0.2722776 ; 0.3366
1353.6 ; 95 ; 0.13 ; 0.2722917 ; 0.2721693 ; 0.3363
1367.5 ; 96 ; 0.22 ; 0.2719430 ; 0.2717393 ; 0.3396
1381.6 ; 97 ; 0.16 ; 0.2718547 ; 0.2717029 ; 0.3360
1395.6 ; 98 ; 0.20 ; 0.2716111 ; 0.2714672 ; 0.3378
1409.7 ; 99 ; 0.11 ; 0.2713491 ; 0.2712342 ; 0.3393
1423.8 ; 100 ; 0.25 ; 0.2710502 ; 0.2708882 ; 0.3423
1437.8 ; 101 ; 0.10 ; 0.2710119 ; 0.2708538 ; 0.3428
1452.2 ; 102 ; 0.17 ; 0.2706757 ; 0.2704751 ; 0.3412
1466.2 ; 103 ; 0.21 ; 0.2704682 ; 0.2702850 ; 0.3430
1480.4 ; 104 ; 0.14 ; 0.2704362 ; 0.2701814 ; 0.3455
1494.5 ; 105 ; 0.16 ; 0.2701825 ; 0.2699971 ; 0.3442
1508.5 ; 106 ; 0.12 ; 0.2700478 ; 0.2699095 ; 0.3428
1522.8 ; 107 ; 0.19 ; 0.2698956 ; 0.2696730 ; 0.3455
1536.7 ; 108 ; 0.11 ; 0.2696854 ; 0.2694492 ; 0.3471
1550.9 ; 109 ; 0.17 ; 0.2695114 ; 0.2692691 ; 0.3446
1565.3 ; 110 ; 0.15 ; 0.2692816 ; 0.2690818 ; 0.3452
1579.7 ; 111 ; 0.16 ; 0.2691289 ; 0.2689174 ; 0.3481
1593.7 ; 112 ; 0.15 ; 0.2689498 ; 0.2687276 ; 0.3488
1607.8 ; 113 ; 0.13 ; 0.2688168 ; 0.2686081 ; 0.3499
1622.4 ; 114 ; 0.12 ; 0.2688443 ; 0.2686762 ; 0.3496
1636.8 ; 115 ; 0.17 ; 0.2686257 ; 0.2683397 ; 0.3495
1650.8 ; 116 ; 0.13 ; 0.2684706 ; 0.2682044 ; 0.3527
1665.2 ; 117 ; 0.14 ; 0.2683371 ; 0.2680454 ; 0.3530
1679.2 ; 118 ; 0.18 ; 0.2681743 ; 0.2679268 ; 0.3516
1693.4 ; 119 ; 0.11 ; 0.2679293 ; 0.2677145 ; 0.3533
1707.6 ; 120 ; 0.19 ; 0.2676499 ; 0.2674880 ; 0.3545
1721.8 ; 121 ; 0.15 ; 0.2676006 ; 0.2673569 ; 0.3556
1736.0 ; 122 ; 0.14 ; 0.2674949 ; 0.2673186 ; 0.3534
1750.1 ; 123 ; 0.15 ; 0.2671983 ; 0.2670383 ; 0.3553
1764.3 ; 124 ; 0.14 ; 0.2669480 ; 0.2667778 ; 0.3547
1778.4 ; 125 ; 0.08 ; 0.2669456 ; 0.2668049 ; 0.3553
1792.5 ; 126 ; 0.13 ; 0.2667736 ; 0.2667158 ; 0.3545
1806.6 ; 127 ; 0.17 ; 0.2665707 ; 0.2665424 ; 0.3548
1820.5 ; 128 ; 0.14 ; 0.2664141 ; 0.2663563 ; 0.3556
1834.4 ; 129 ; 0.14 ; 0.2664323 ; 0.2664058 ; 0.3557
1848.4 ; 130 ; 0.10 ; 0.2661897 ; 0.2661406 ; 0.3549
1862.6 ; 131 ; 0.15 ; 0.2659476 ; 0.2658494 ; 0.3597
1876.9 ; 132 ; 0.07 ; 0.2658626 ; 0.2657882 ; 0.3583
1891.0 ; 133 ; 0.15 ; 0.2655623 ; 0.2654261 ; 0.3596
1905.0 ; 134 ; 0.15 ; 0.2655229 ; 0.2654314 ; 0.3584
1919.0 ; 135 ; 0.10 ; 0.2653106 ; 0.2652104 ; 0.3579
1932.9 ; 136 ; 0.09 ; 0.2651947 ; 0.2651526 ; 0.3578
1946.9 ; 137 ; 0.16 ; 0.2650180 ; 0.2650137 ; 0.3597
1961.6 ; 138 ; 0.09 ; 0.2650427 ; 0.2650844 ; 0.3588
1975.6 ; 139 ; 0.19 ; 0.2646850 ; 0.2646891 ; 0.3603
1989.7 ; 140 ; 0.13 ; 0.2645918 ; 0.2646057 ; 0.3599
2003.6 ; 141 ; 0.11 ; 0.2643961 ; 0.2643477 ; 0.3601
2017.9 ; 142 ; 0.10 ; 0.2642631 ; 0.2642225 ; 0.3628
2032.0 ; 143 ; 0.12 ; 0.2640170 ; 0.2640004 ; 0.3628
2046.1 ; 144 ; 0.11 ; 0.2639043 ; 0.2638920 ; 0.3614
2060.0 ; 145 ; 0.09 ; 0.2638227 ; 0.2638036 ; 0.3608
2073.9 ; 146 ; 0.16 ; 0.2635712 ; 0.2635169 ; 0.3631
2087.8 ; 147 ; 0.09 ; 0.2634360 ; 0.2633362 ; 0.3624
2101.9 ; 148 ; 0.09 ; 0.2632828 ; 0.2632557 ; 0.3637
2116.1 ; 149 ; 0.18 ; 0.2632292 ; 0.2631355 ; 0.3630
2130.1 ; 150 ; 0.16 ; 0.2632574 ; 0.2632225 ; 0.3629
2144.3 ; 151 ; 0.15 ; 0.2629392 ; 0.2628997 ; 0.3649
2158.4 ; 152 ; 0.08 ; 0.2629134 ; 0.2628984 ; 0.3631
2172.5 ; 153 ; 0.13 ; 0.2626131 ; 0.2625494 ; 0.3662
2186.7 ; 154 ; 0.19 ; 0.2623230 ; 0.2622966 ; 0.3690
2200.7 ; 155 ; 0.09 ; 0.2623582 ; 0.2623737 ; 0.3668
2215.0 ; 156 ; 0.10 ; 0.2621786 ; 0.2621383 ; 0.3688
2229.1 ; 157 ; 0.14 ; 0.2620732 ; 0.2620830 ; 0.3696
2243.3 ; 158 ; 0.12 ; 0.2618918 ; 0.2619137 ; 0.3715
2257.4 ; 159 ; 0.18 ; 0.2617457 ; 0.2618084 ; 0.3702
2271.6 ; 160 ; 0.10 ; 0.2616366 ; 0.2616408 ; 0.3726
2285.8 ; 161 ; 0.04 ; 0.2615692 ; 0.2616228 ; 0.3698
2300.1 ; 162 ; 0.07 ; 0.2613742 ; 0.2613951 ; 0.3709
2314.4 ; 163 ; 0.16 ; 0.2611894 ; 0.2611671 ; 0.3726
2328.6 ; 164 ; 0.11 ; 0.2609900 ; 0.2609693 ; 0.3735
2343.1 ; 165 ; 0.14 ; 0.2610708 ; 0.2611001 ; 0.3721
2357.1 ; 166 ; 0.16 ; 0.2607251 ; 0.2607757 ; 0.3745
2371.2 ; 167 ; 0.07 ; 0.2606979 ; 0.2607105 ; 0.3744
2385.1 ; 168 ; 0.11 ; 0.2603929 ; 0.2603623 ; 0.3756
2399.0 ; 169 ; 0.12 ; 0.2602284 ; 0.2602141 ; 0.3743
2413.0 ; 170 ; 0.08 ; 0.2602440 ; 0.2602314 ; 0.3740
2426.9 ; 171 ; 0.07 ; 0.2601805 ; 0.2602034 ; 0.3731
2441.1 ; 172 ; 0.17 ; 0.2598893 ; 0.2599059 ; 0.3746
2454.9 ; 173 ; 0.09 ; 0.2597782 ; 0.2597585 ; 0.3747
2468.9 ; 174 ; 0.09 ; 0.2596990 ; 0.2596605 ; 0.3760
2482.8 ; 175 ; 0.08 ; 0.2596657 ; 0.2597023 ; 0.3757
2496.9 ; 176 ; 0.09 ; 0.2595714 ; 0.2595713 ; 0.3787
2511.0 ; 177 ; 0.12 ; 0.2593309 ; 0.2593323 ; 0.3802
2525.2 ; 178 ; 0.11 ; 0.2592083 ; 0.2591385 ; 0.3804
2539.4 ; 179 ; 0.15 ; 0.2591459 ; 0.2591435 ; 0.3796
2553.2 ; 180 ; 0.09 ; 0.2590572 ; 0.2589966 ; 0.3802
2567.2 ; 181 ; 0.09 ; 0.2590408 ; 0.2590113 ; 0.3790
2581.3 ; 182 ; 0.18 ; 0.2586887 ; 0.2586638 ; 0.3792
2595.5 ; 183 ; 0.07 ; 0.2586322 ; 0.2586287 ; 0.3801
2609.8 ; 184 ; 0.09 ; 0.2584748 ; 0.2584390 ; 0.3812
2624.0 ; 185 ; 0.06 ; 0.2583874 ; 0.2584184 ; 0.3808
2638.3 ; 186 ; 0.07 ; 0.2582658 ; 0.2582054 ; 0.3800
2652.6 ; 187 ; 0.17 ; 0.2581044 ; 0.2581328 ; 0.3801
2666.9 ; 188 ; 0.05 ; 0.2580356 ; 0.2580759 ; 0.3814
2680.9 ; 189 ; 0.06 ; 0.2579872 ; 0.2579938 ; 0.3810
2694.8 ; 190 ; 0.11 ; 0.2577735 ; 0.2578339 ; 0.3864
2708.9 ; 191 ; 0.07 ; 0.2578374 ; 0.2579166 ; 0.3828
2723.1 ; 192 ; 0.08 ; 0.2576200 ; 0.2576367 ; 0.3822
2737.1 ; 193 ; 0.11 ; 0.2576447 ; 0.2576286 ; 0.3802
2751.3 ; 194 ; 0.05 ; 0.2575666 ; 0.2576007 ; 0.3823
2765.2 ; 195 ; 0.04 ; 0.2574857 ; 0.2575256 ; 0.3843
2779.0 ; 196 ; 0.14 ; 0.2574333 ; 0.2575467 ; 0.3815
2793.0 ; 197 ; 0.11 ; 0.2572121 ; 0.2573372 ; 0.3824
2807.1 ; 198 ; 0.11 ; 0.2571521 ; 0.2572464 ; 0.3824
2820.9 ; 199 ; 0.08 ; 0.2570386 ; 0.2572065 ; 0.3848
2846.9 ; 201 ; 0.09 ; 0.2568587 ; 0.2571042 ; 0.3823
2860.8 ; 202 ; 0.11 ; 0.2567810 ; 0.2571108 ; 0.3847
2874.9 ; 203 ; 0.06 ; 0.2567563 ; 0.2570363 ; 0.3855
2888.8 ; 204 ; 0.10 ; 0.2566487 ; 0.2569499 ; 0.3827
2902.8 ; 205 ; 0.09 ; 0.2565348 ; 0.2568139 ; 0.3867
2916.8 ; 206 ; 0.18 ; 0.2563994 ; 0.2566127 ; 0.3873
2930.6 ; 207 ; 0.06 ; 0.2563383 ; 0.2565128 ; 0.3844
2944.4 ; 208 ; 0.07 ; 0.2563017 ; 0.2564726 ; 0.3867
2958.5 ; 209 ; 0.05 ; 0.2562091 ; 0.2563964 ; 0.3858
2972.8 ; 210 ; 0.13 ; 0.2560947 ; 0.2562134 ; 0.3881
2986.9 ; 211 ; 0.09 ; 0.2559289 ; 0.2560760 ; 0.3874
3001.3 ; 212 ; 0.08 ; 0.2558801 ; 0.2559532 ; 0.3886
3015.3 ; 213 ; 0.09 ; 0.2558174 ; 0.2559560 ; 0.3875
3029.1 ; 214 ; 0.08 ; 0.2557222 ; 0.2558475 ; 0.3870
3043.1 ; 215 ; 0.05 ; 0.2556955 ; 0.2558209 ; 0.3860
3057.3 ; 216 ; 0.13 ; 0.2556117 ; 0.2556986 ; 0.3867
3071.5 ; 217 ; 0.13 ; 0.2555822 ; 0.2556654 ; 0.3858
3085.6 ; 218 ; 0.12 ; 0.2555581 ; 0.2557611 ; 0.3875
3099.7 ; 219 ; 0.09 ; 0.2555492 ; 0.2557075 ; 0.3874
3113.5 ; 220 ; 0.03 ; 0.2553209 ; 0.2554825 ; 0.3883
3127.5 ; 221 ; 0.04 ; 0.2553478 ; 0.2555510 ; 0.3866
3141.5 ; 222 ; 0.02 ; 0.2553112 ; 0.2555118 ; 0.3872
3155.8 ; 223 ; 0.10 ; 0.2552804 ; 0.2554909 ; 0.3870
3170.2 ; 224 ; 0.16 ; 0.2551956 ; 0.2553818 ; 0.3897
3184.2 ; 225 ; 0.07 ; 0.2550612 ; 0.2552814 ; 0.3917
3198.3 ; 226 ; 0.06 ; 0.2549305 ; 0.2551215 ; 0.3918
3212.5 ; 227 ; 0.08 ; 0.2548631 ; 0.2550557 ; 0.3899
3226.6 ; 228 ; 0.11 ; 0.2546979 ; 0.2549236 ; 0.3910
3241.0 ; 229 ; 0.11 ; 0.2547323 ; 0.2548515 ; 0.3924
3255.3 ; 230 ; 0.08 ; 0.2546456 ; 0.2547554 ; 0.3920
3269.4 ; 231 ; 0.06 ; 0.2545648 ; 0.2547010 ; 0.3934
3283.6 ; 232 ; 0.11 ; 0.2542401 ; 0.2543360 ; 0.3929
3298.0 ; 233 ; 0.05 ; 0.2541989 ; 0.2542928 ; 0.3919
3312.5 ; 234 ; 0.05 ; 0.2539732 ; 0.2540543 ; 0.3926
3326.9 ; 235 ; 0.09 ; 0.2540786 ; 0.2542567 ; 0.3924
3341.2 ; 236 ; 0.05 ; 0.2539414 ; 0.2541172 ; 0.3913
3355.4 ; 237 ; 0.07 ; 0.2537729 ; 0.2539282 ; 0.3931
3369.4 ; 238 ; 0.04 ; 0.2537368 ; 0.2539555 ; 0.3935
3383.6 ; 239 ; 0.05 ; 0.2536210 ; 0.2538584 ; 0.3933
3397.9 ; 240 ; 0.04 ; 0.2536827 ; 0.2539709 ; 0.3922
3412.0 ; 241 ; 0.07 ; 0.2536290 ; 0.2538519 ; 0.3939
3426.4 ; 242 ; 0.07 ; 0.2535150 ; 0.2536957 ; 0.3930
3440.5 ; 243 ; 0.05 ; 0.2534600 ; 0.2536526 ; 0.3949
3454.8 ; 244 ; 0.06 ; 0.2534336 ; 0.2535983 ; 0.3956
3468.6 ; 245 ; 0.03 ; 0.2534289 ; 0.2536397 ; 0.3964
3482.7 ; 246 ; 0.09 ; 0.2534053 ; 0.2536517 ; 0.3940
3497.1 ; 247 ; 0.15 ; 0.2530437 ; 0.2532341 ; 0.3965
3511.2 ; 248 ; 0.06 ; 0.2528871 ; 0.2530553 ; 0.3977
3525.2 ; 249 ; 0.09 ; 0.2528709 ; 0.2531692 ; 0.3957
3539.1 ; 250 ; 0.05 ; 0.2528294 ; 0.2531036 ; 0.3958
3553.5 ; 251 ; 0.02 ; 0.2527892 ; 0.2531052 ; 0.3953
3567.8 ; 252 ; 0.08 ; 0.2527070 ; 0.2530533 ; 0.3963
3582.1 ; 253 ; 0.09 ; 0.2525654 ; 0.2528507 ; 0.3967
3596.4 ; 254 ; 0.12 ; 0.2523908 ; 0.2526172 ; 0.3967
3610.5 ; 255 ; 0.08 ; 0.2523280 ; 0.2526260 ; 0.3980
3624.5 ; 256 ; 0.04 ; 0.2523398 ; 0.2526416 ; 0.3970
3639.0 ; 257 ; 0.10 ; 0.2523359 ; 0.2526323 ; 0.3989
3652.9 ; 258 ; 0.10 ; 0.2521665 ; 0.2524077 ; 0.4006
3667.1 ; 259 ; 0.11 ; 0.2520243 ; 0.2522558 ; 0.3986
3681.4 ; 260 ; 0.05 ; 0.2518701 ; 0.2521622 ; 0.3991
3695.8 ; 261 ; 0.05 ; 0.2518465 ; 0.2521235 ; 0.3986
3710.0 ; 262 ; 0.11 ; 0.2517570 ; 0.2520568 ; 0.3993
3724.4 ; 263 ; 0.07 ; 0.2517481 ; 0.2520394 ; 0.3985
3738.5 ; 264 ; 0.05 ; 0.2516185 ; 0.2519515 ; 0.3996
3752.6 ; 265 ; 0.08 ; 0.2517202 ; 0.2520975 ; 0.3997
3766.7 ; 266 ; 0.03 ; 0.2516371 ; 0.2519720 ; 0.3981
3780.8 ; 267 ; 0.08 ; 0.2516125 ; 0.2519595 ; 0.4003
3795.2 ; 268 ; 0.06 ; 0.2515519 ; 0.2518782 ; 0.4002
3809.3 ; 269 ; 0.03 ; 0.2515151 ; 0.2518452 ; 0.4005
3823.6 ; 270 ; 0.07 ; 0.2515439 ; 0.2519021 ; 0.3989
3837.8 ; 271 ; 0.04 ; 0.2515496 ; 0.2518673 ; 0.4005
3852.3 ; 272 ; 0.14 ; 0.2513978 ; 0.2517193 ; 0.3991
3866.4 ; 273 ; 0.03 ; 0.2513771 ; 0.2517308 ; 0.4022
3880.6 ; 274 ; 0.05 ; 0.2511843 ; 0.2515129 ; 0.3999
3894.9 ; 275 ; 0.11 ; 0.2510469 ; 0.2514626 ; 0.4002
3909.0 ; 276 ; 0.04 ; 0.2511079 ; 0.2515695 ; 0.3990
3923.2 ; 277 ; 0.02 ; 0.2510914 ; 0.2515197 ; 0.3998
3937.3 ; 278 ; 0.04 ; 0.2511065 ; 0.2514769 ; 0.3999
3951.5 ; 279 ; 0.12 ; 0.2509451 ; 0.2512991 ; 0.4024
3965.6 ; 280 ; 0.04 ; 0.2508322 ; 0.2511992 ; 0.4013
3979.9 ; 281 ; 0.02 ; 0.2507894 ; 0.2512092 ; 0.4013
3994.1 ; 282 ; 0.10 ; 0.2506997 ; 0.2510795 ; 0.4006
4008.2 ; 283 ; 0.06 ; 0.2505588 ; 0.2508784 ; 0.4021
4022.9 ; 284 ; 0.05 ; 0.2504826 ; 0.2507659 ; 0.4036
4037.3 ; 285 ; 0.05 ; 0.2505708 ; 0.2508840 ; 0.4030
4051.6 ; 286 ; 0.11 ; 0.2504553 ; 0.2507365 ; 0.4020
4065.7 ; 287 ; 0.11 ; 0.2501986 ; 0.2504485 ; 0.4024
4079.9 ; 288 ; 0.11 ; 0.2502711 ; 0.2504786 ; 0.4042
4094.2 ; 289 ; 0.09 ; 0.2500735 ; 0.2502322 ; 0.4038
4108.2 ; 290 ; 0.08 ; 0.2501260 ; 0.2502686 ; 0.4037
4122.3 ; 291 ; 0.10 ; 0.2500695 ; 0.2501797 ; 0.4050
4136.6 ; 292 ; 0.03 ; 0.2499723 ; 0.2500719 ; 0.4041
4150.9 ; 293 ; 0.06 ; 0.2499606 ; 0.2501025 ; 0.4028
4165.1 ; 294 ; 0.06 ; 0.2497968 ; 0.2499746 ; 0.4041
4179.4 ; 295 ; 0.03 ; 0.2498010 ; 0.2499752 ; 0.4040
4193.5 ; 296 ; 0.08 ; 0.2497257 ; 0.2498802 ; 0.4040
4207.7 ; 297 ; 0.03 ; 0.2496559 ; 0.2497443 ; 0.4057
4222.1 ; 298 ; 0.04 ; 0.2496736 ; 0.2497313 ; 0.4027
4236.3 ; 299 ; 0.02 ; 0.2497409 ; 0.2498278 ; 0.4030
4262.8 ; 1 ; 0.08 ; 0.2496536 ; 0.2498057 ; 0.4062
4277.2 ; 2 ; 0.08 ; 0.2495079 ; 0.2495908 ; 0.4044
4291.3 ; 3 ; 0.03 ; 0.2494554 ; 0.2495421 ; 0.4053
4305.7 ; 4 ; 0.04 ; 0.2494982 ; 0.2496329 ; 0.4044
4319.8 ; 5 ; 0.02 ; 0.2495354 ; 0.2496184 ; 0.4039
4334.2 ; 6 ; 0.04 ; 0.2494982 ; 0.2496308 ; 0.4037
4348.6 ; 7 ; 0.03 ; 0.2495076 ; 0.2496230 ; 0.4048
4362.8 ; 8 ; 0.08 ; 0.2495251 ; 0.2496258 ; 0.4045
4377.1 ; 9 ; 0.03 ; 0.2495100 ; 0.2496048 ; 0.4043
4391.1 ; 10 ; 0.11 ; 0.2494208 ; 0.2494524 ; 0.4052
4405.1 ; 11 ; 0.06 ; 0.2495024 ; 0.2494855 ; 0.4052
4418.9 ; 12 ; 0.04 ; 0.2493948 ; 0.2494051 ; 0.4076
4433.1 ; 13 ; 0.02 ; 0.2493473 ; 0.2493646 ; 0.4084
4447.2 ; 14 ; 0.05 ; 0.2492569 ; 0.2493115 ; 0.4061
4461.3 ; 15 ; 0.06 ; 0.2491494 ; 0.2492235 ; 0.4062
4475.3 ; 16 ; 0.06 ; 0.2490402 ; 0.2491212 ; 0.4071
4489.7 ; 17 ; 0.01 ; 0.2490765 ; 0.2492032 ; 0.4062
4504.0 ; 18 ; 0.07 ; 0.2489288 ; 0.2490512 ; 0.4079
4518.1 ; 19 ; 0.05 ; 0.2488888 ; 0.2489746 ; 0.4077
4532.6 ; 20 ; 0.09 ; 0.2486401 ; 0.2487218 ; 0.4080
4546.9 ; 21 ; 0.08 ; 0.2486164 ; 0.2487154 ; 0.4092
4561.6 ; 22 ; 0.04 ; 0.2487230 ; 0.2488318 ; 0.4083
4575.8 ; 23 ; 0.04 ; 0.2485826 ; 0.2486893 ; 0.4084
4590.1 ; 24 ; 0.06 ; 0.2486417 ; 0.2487920 ; 0.4090
4604.2 ; 25 ; 0.05 ; 0.2485761 ; 0.2487179 ; 0.4084
4618.5 ; 26 ; 0.04 ; 0.2486460 ; 0.2488152 ; 0.4085
4632.8 ; 27 ; 0.07 ; 0.2484817 ; 0.2485954 ; 0.4095
4647.2 ; 28 ; 0.05 ; 0.2485399 ; 0.2486756 ; 0.4087
4661.7 ; 29 ; 0.03 ; 0.2484944 ; 0.2486190 ; 0.4100
4676.0 ; 30 ; 0.10 ; 0.2484239 ; 0.2485204 ; 0.4099
4690.1 ; 31 ; 0.02 ; 0.2483766 ; 0.2484986 ; 0.4090
4704.5 ; 32 ; 0.03 ; 0.2483214 ; 0.2484574 ; 0.4089
4718.9 ; 33 ; 0.05 ; 0.2483885 ; 0.2485757 ; 0.4084
4732.8 ; 34 ; 0.08 ; 0.2484645 ; 0.2487135 ; 0.4088
4747.0 ; 35 ; 0.06 ; 0.2484645 ; 0.2486512 ; 0.4085
4761.3 ; 36 ; 0.06 ; 0.2482845 ; 0.2484518 ; 0.4110
4775.6 ; 37 ; 0.10 ; 0.2481922 ; 0.2483798 ; 0.4102
4789.6 ; 38 ; 0.08 ; 0.2481175 ; 0.2483125 ; 0.4114
4803.6 ; 39 ; 0.01 ; 0.2481030 ; 0.2483186 ; 0.4099
4817.8 ; 40 ; 0.02 ; 0.2480195 ; 0.2482305 ; 0.4112
4832.4 ; 41 ; 0.05 ; 0.2479571 ; 0.2482341 ; 0.4110
4846.7 ; 42 ; 0.07 ; 0.2479562 ; 0.2481311 ; 0.4099
4860.9 ; 43 ; 0.06 ; 0.2479205 ; 0.2481273 ; 0.4116
4874.7 ; 44 ; 0.07 ; 0.2478557 ; 0.2481029 ; 0.4120
4889.1 ; 45 ; 0.05 ; 0.2477952 ; 0.2480377 ; 0.4124
4903.3 ; 46 ; 0.03 ; 0.2477047 ; 0.2478973 ; 0.4118
4917.7 ; 47 ; 0.06 ; 0.2476695 ; 0.2478004 ; 0.4125
4931.9 ; 48 ; 0.11 ; 0.2477053 ; 0.2478145 ; 0.4143
4946.0 ; 49 ; 0.05 ; 0.2476028 ; 0.2476917 ; 0.4141
4960.2 ; 50 ; 0.06 ; 0.2474378 ; 0.2475738 ; 0.4127
4974.3 ; 51 ; 0.10 ; 0.2474632 ; 0.2475663 ; 0.4126
4988.5 ; 52 ; 0.11 ; 0.2472788 ; 0.2474254 ; 0.4128
5002.7 ; 53 ; 0.02 ; 0.2472928 ; 0.2474572 ; 0.4128
5017.0 ; 54 ; 0.03 ; 0.2472922 ; 0.2474439 ; 0.4116
5031.1 ; 55 ; 0.03 ; 0.2473683 ; 0.2475337 ; 0.4140
5045.4 ; 56 ; 0.04 ; 0.2473543 ; 0.2475073 ; 0.4113
5059.6 ; 57 ; 0.04 ; 0.2472590 ; 0.2474122 ; 0.4124
5074.2 ; 58 ; 0.01 ; 0.2471776 ; 0.2473328 ; 0.4125
5088.4 ; 59 ; 0.05 ; 0.2471978 ; 0.2474032 ; 0.4120
5102.5 ; 60 ; 0.06 ; 0.2471365 ; 0.2473237 ; 0.4128
5117.0 ; 61 ; 0.01 ; 0.2470558 ; 0.2472301 ; 0.4137
5131.1 ; 62 ; 0.05 ; 0.2470987 ; 0.2472654 ; 0.4128
5145.4 ; 63 ; 0.08 ; 0.2469128 ; 0.2470744 ; 0.4132
5159.8 ; 64 ; 0.02 ; 0.2468961 ; 0.2470547 ; 0.4146
5174.0 ; 65 ; 0.05 ; 0.2469845 ; 0.2471446 ; 0.4147
5188.4 ; 66 ; 0.08 ; 0.2467349 ; 0.2468496 ; 0.4160
5202.7 ; 67 ; 0.04 ; 0.2468455 ; 0.2469733 ; 0.4162
5216.9 ; 68 ; 0.09 ; 0.2466111 ; 0.2467061 ; 0.4155
5231.1 ; 69 ; 0.06 ; 0.2464369 ; 0.2465335 ; 0.4143
5245.1 ; 70 ; 0.09 ; 0.2463901 ; 0.2465104 ; 0.4135
5259.3 ; 71 ; 0.02 ; 0.2463467 ; 0.2464290 ; 0.4164
5273.5 ; 72 ; 0.06 ; 0.2461972 ; 0.2462213 ; 0.4175
5287.7 ; 73 ; 0.05 ; 0.2461323 ; 0.2461821 ; 0.4173
5302.4 ; 74 ; 0.10 ; 0.2459725 ; 0.2459719 ; 0.4167
5317.0 ; 75 ; 0.05 ; 0.2459478 ; 0.2459481 ; 0.4159
5331.5 ; 76 ; 0.04 ; 0.2458403 ; 0.2458199 ; 0.4177
5345.8 ; 77 ; 0.05 ; 0.2459245 ; 0.2459386 ; 0.4174
5360.1 ; 78 ; 0.02 ; 0.2458874 ; 0.2458834 ; 0.4178
5374.5 ; 79 ; 0.02 ; 0.2458086 ; 0.2458029 ; 0.4178
5388.6 ; 80 ; 0.04 ; 0.2457759 ; 0.2457892 ; 0.4170
5402.9 ; 81 ; 0.01 ; 0.2457847 ; 0.2457999 ; 0.4184
5416.9 ; 82 ; 0.03 ; 0.2457842 ; 0.2458391 ; 0.4179
5430.7 ; 83 ; 0.01 ; 0.2458063 ; 0.2458672 ; 0.4170
5444.7 ; 84 ; 0.08 ; 0.2456949 ; 0.2457270 ; 0.4193
5458.8 ; 85 ; 0.01 ; 0.2456856 ; 0.2457322 ; 0.4187
5473.1 ; 86 ; 0.11 ; 0.2455742 ; 0.2456304 ; 0.4191
5487.3 ; 87 ; 0.06 ; 0.2455603 ; 0.2456553 ; 0.4180
5501.6 ; 88 ; 0.06 ; 0.2454742 ; 0.2456226 ; 0.4180
5515.5 ; 89 ; 0.06 ; 0.2454264 ; 0.2456275 ; 0.4180
5529.6 ; 90 ; 0.06 ; 0.2453746 ; 0.2455333 ; 0.4190
5543.8 ; 91 ; 0.05 ; 0.2453596 ; 0.2455212 ; 0.4186
5558.2 ; 92 ; 0.03 ; 0.2453330 ; 0.2454915 ; 0.4192
5572.1 ; 93 ; 0.07 ; 0.2452604 ; 0.2454075 ; 0.4191
5586.3 ; 94 ; 0.02 ; 0.2451555 ; 0.2452694 ; 0.4205
5600.8 ; 95 ; 0.01 ; 0.2451539 ; 0.2452897 ; 0.4189
5614.9 ; 96 ; 0.03 ; 0.2452353 ; 0.2454122 ; 0.4180
5629.1 ; 97 ; 0.06 ; 0.2451137 ; 0.2452164 ; 0.4192
5643.0 ; 98 ; 0.05 ; 0.2451423 ; 0.2452195 ; 0.4196
5657.3 ; 99 ; 0.03 ; 0.2451555 ; 0.2452721 ; 0.4188
5684.3 ; 1 ; 0.06 ; 0.2449100 ; 0.2451079 ; 0.4197
5698.8 ; 2 ; 0.06 ; 0.2449011 ; 0.2451004 ; 0.4197
5712.8 ; 3 ; 0.05 ; 0.2448727 ; 0.2451272 ; 0.4199
5726.9 ; 4 ; 0.04 ; 0.2448963 ; 0.2451708 ; 0.4193
5741.3 ; 5 ; 0.04 ; 0.2448063 ; 0.2450337 ; 0.4200
5755.9 ; 6 ; 0.07 ; 0.2446875 ; 0.2449117 ; 0.4205
5770.0 ; 7 ; 0.07 ; 0.2446553 ; 0.2449601 ; 0.4194
5784.2 ; 8 ; 0.03 ; 0.2447030 ; 0.2449959 ; 0.4188
5798.3 ; 9 ; 0.04 ; 0.2447191 ; 0.2450522 ; 0.4187
5812.5 ; 10 ; 0.01 ; 0.2446780 ; 0.2449703 ; 0.4191
5826.6 ; 11 ; 0.01 ; 0.2447233 ; 0.2450444 ; 0.4184
5841.0 ; 12 ; 0.04 ; 0.2446588 ; 0.2449450 ; 0.4194
5855.3 ; 13 ; 0.03 ; 0.2445944 ; 0.2448930 ; 0.4203
5869.4 ; 14 ; 0.04 ; 0.2446245 ; 0.2449261 ; 0.4180
5883.3 ; 15 ; 0.04 ; 0.2444751 ; 0.2447824 ; 0.4193
5897.4 ; 16 ; 0.03 ; 0.2444602 ; 0.2447286 ; 0.4198
5911.8 ; 17 ; 0.02 ; 0.2444829 ; 0.2447900 ; 0.4210
5925.9 ; 18 ; 0.03 ; 0.2444625 ; 0.2447449 ; 0.4204
5940.4 ; 19 ; 0.06 ; 0.2443123 ; 0.2446676 ; 0.4200
5954.6 ; 20 ; 0.02 ; 0.2442384 ; 0.2445208 ; 0.4220
5968.8 ; 21 ; 0.06 ; 0.2442916 ; 0.2446796 ; 0.4189
5982.9 ; 22 ; 0.04 ; 0.2441869 ; 0.2446024 ; 0.4203
5997.2 ; 23 ; 0.02 ; 0.2440875 ; 0.2444733 ; 0.4203
6011.5 ; 24 ; 0.08 ; 0.2441086 ; 0.2445256 ; 0.4204
6025.6 ; 25 ; 0.05 ; 0.2441095 ; 0.2445779 ; 0.4190
6039.8 ; 26 ; 0.01 ; 0.2440839 ; 0.2445399 ; 0.4199
6053.9 ; 27 ; 0.03 ; 0.2441099 ; 0.2445717 ; 0.4199
6068.2 ; 28 ; 0.02 ; 0.2441085 ; 0.2445616 ; 0.4207
6082.5 ; 29 ; 0.05 ; 0.2439580 ; 0.2443719 ; 0.4206
6097.0 ; 30 ; 0.01 ; 0.2439790 ; 0.2444197 ; 0.4199
6111.3 ; 31 ; 0.05 ; 0.2439649 ; 0.2443915 ; 0.4203
6125.3 ; 32 ; 0.01 ; 0.2439288 ; 0.2443362 ; 0.4207
6139.3 ; 33 ; 0.04 ; 0.2439344 ; 0.2444331 ; 0.4211
6153.6 ; 34 ; 0.03 ; 0.2439101 ; 0.2442961 ; 0.4218
sigma=0.010000000000000002
6167.8 ; 35 ; 0.00 ; 0.2439101 ; 0.2442961 ; 0.4218
6181.9 ; 36 ; 0.01 ; 0.2438941 ; 0.2442680 ; 0.4211
6195.9 ; 37 ; 0.02 ; 0.2439095 ; 0.2443150 ; 0.4212
6210.3 ; 38 ; 0.06 ; 0.2438987 ; 0.2443541 ; 0.4234
6224.5 ; 39 ; 0.02 ; 0.2438625 ; 0.2443037 ; 0.4225
6238.7 ; 40 ; 0.04 ; 0.2437158 ; 0.2441823 ; 0.4216
6253.2 ; 41 ; 0.05 ; 0.2437283 ; 0.2442218 ; 0.4205
sigma=0.0010000000000000002
6267.2 ; 42 ; 0.00 ; 0.2437283 ; 0.2442218 ; 0.4205
6281.5 ; 43 ; 0.36 ; 0.2437027 ; 0.2442105 ; 0.4209
6295.9 ; 44 ; 0.30 ; 0.2436415 ; 0.2441412 ; 0.4213
6310.0 ; 45 ; 0.37 ; 0.2435973 ; 0.2441106 ; 0.4204
6324.2 ; 46 ; 0.38 ; 0.2435738 ; 0.2440781 ; 0.4202
6338.4 ; 47 ; 0.41 ; 0.2435301 ; 0.2440235 ; 0.4208
6352.7 ; 48 ; 0.36 ; 0.2434796 ; 0.2439825 ; 0.4213
6367.1 ; 49 ; 0.26 ; 0.2434477 ; 0.2439370 ; 0.4212
6381.5 ; 50 ; 0.41 ; 0.2434301 ; 0.2439378 ; 0.4214
6395.7 ; 51 ; 0.34 ; 0.2433659 ; 0.2438620 ; 0.4222
6409.7 ; 52 ; 0.30 ; 0.2433570 ; 0.2438534 ; 0.4219
6424.1 ; 53 ; 0.39 ; 0.2433422 ; 0.2438496 ; 0.4225
6438.3 ; 54 ; 0.32 ; 0.2432930 ; 0.2437798 ; 0.4229
6452.5 ; 55 ; 0.35 ; 0.2433032 ; 0.2437899 ; 0.4222
6466.8 ; 56 ; 0.24 ; 0.2432650 ; 0.2437535 ; 0.4216
6481.0 ; 57 ; 0.37 ; 0.2432342 ; 0.2437074 ; 0.4220
6495.1 ; 58 ; 0.37 ; 0.2431995 ; 0.2436625 ; 0.4213
6509.3 ; 59 ; 0.40 ; 0.2431565 ; 0.2436488 ; 0.4218
6523.6 ; 60 ; 0.34 ; 0.2431444 ; 0.2436390 ; 0.4221
6537.8 ; 61 ; 0.23 ; 0.2431410 ; 0.2436351 ; 0.4217
6552.2 ; 62 ; 0.34 ; 0.2431035 ; 0.2435767 ; 0.4218
6566.6 ; 63 ; 0.30 ; 0.2430589 ; 0.2435484 ; 0.4216
6581.1 ; 64 ; 0.26 ; 0.2430666 ; 0.2435698 ; 0.4221
6595.2 ; 65 ; 0.31 ; 0.2430204 ; 0.2435092 ; 0.4225
6609.6 ; 66 ; 0.26 ; 0.2430059 ; 0.2435037 ; 0.4230
6624.2 ; 67 ; 0.29 ; 0.2430029 ; 0.2434995 ; 0.4226
6638.7 ; 68 ; 0.38 ; 0.2429695 ; 0.2434837 ; 0.4227
6653.1 ; 69 ; 0.30 ; 0.2429817 ; 0.2435020 ; 0.4227
6667.3 ; 70 ; 0.39 ; 0.2429463 ; 0.2434610 ; 0.4233
6681.5 ; 71 ; 0.33 ; 0.2429228 ; 0.2434374 ; 0.4233
6695.8 ; 72 ; 0.30 ; 0.2428754 ; 0.2433770 ; 0.4230
6710.1 ; 73 ; 0.30 ; 0.2428577 ; 0.2433734 ; 0.4226
6724.2 ; 74 ; 0.38 ; 0.2427891 ; 0.2432988 ; 0.4240
6738.2 ; 75 ; 0.32 ; 0.2428052 ; 0.2433306 ; 0.4236
6752.5 ; 76 ; 0.33 ; 0.2427952 ; 0.2432932 ; 0.4234
6766.8 ; 77 ; 0.27 ; 0.2427622 ; 0.2432789 ; 0.4241
6781.3 ; 78 ; 0.42 ; 0.2427486 ; 0.2432487 ; 0.4242
6795.6 ; 79 ; 0.36 ; 0.2427095 ; 0.2431973 ; 0.4237
6809.8 ; 80 ; 0.27 ; 0.2427234 ; 0.2432196 ; 0.4231
6823.9 ; 81 ; 0.25 ; 0.2427018 ; 0.2431851 ; 0.4247
6838.2 ; 82 ; 0.37 ; 0.2426709 ; 0.2431609 ; 0.4251
6852.4 ; 83 ; 0.20 ; 0.2426528 ; 0.2431358 ; 0.4249
6866.4 ; 84 ; 0.34 ; 0.2426266 ; 0.2430774 ; 0.4248
6880.7 ; 85 ; 0.35 ; 0.2425835 ; 0.2430307 ; 0.4235
6894.7 ; 86 ; 0.33 ; 0.2425381 ; 0.2429712 ; 0.4254
6909.0 ; 87 ; 0.33 ; 0.2425006 ; 0.2429360 ; 0.4239
6923.3 ; 88 ; 0.40 ; 0.2424561 ; 0.2428848 ; 0.4245
6937.3 ; 89 ; 0.33 ; 0.2424797 ; 0.2429248 ; 0.4246
6951.4 ; 90 ; 0.36 ; 0.2423980 ; 0.2428375 ; 0.4248
6965.8 ; 91 ; 0.31 ; 0.2423976 ; 0.2428369 ; 0.4256
6980.2 ; 92 ; 0.31 ; 0.2423716 ; 0.2428188 ; 0.4248
6994.2 ; 93 ; 0.26 ; 0.2423619 ; 0.2427968 ; 0.4245
7008.5 ; 94 ; 0.28 ; 0.2423530 ; 0.2427953 ; 0.4256
7022.9 ; 95 ; 0.35 ; 0.2422989 ; 0.2427216 ; 0.4250
7037.2 ; 96 ; 0.32 ; 0.2422474 ; 0.2426575 ; 0.4244
7051.4 ; 97 ; 0.25 ; 0.2422303 ; 0.2426418 ; 0.4244
7065.4 ; 98 ; 0.24 ; 0.2422231 ; 0.2426475 ; 0.4249
7079.2 ; 99 ; 0.38 ; 0.2421412 ; 0.2425492 ; 0.4248
7105.5 ; 1 ; 0.34 ; 0.2420871 ; 0.2424855 ; 0.4250
7119.8 ; 2 ; 0.32 ; 0.2420855 ; 0.2425004 ; 0.4252
7134.5 ; 3 ; 0.34 ; 0.2420403 ; 0.2424359 ; 0.4258
7149.1 ; 4 ; 0.31 ; 0.2420210 ; 0.2424194 ; 0.4252
7163.3 ; 5 ; 0.32 ; 0.2420028 ; 0.2424119 ; 0.4250
7177.5 ; 6 ; 0.32 ; 0.2419617 ; 0.2423781 ; 0.4250
7191.6 ; 7 ; 0.31 ; 0.2419509 ; 0.2423742 ; 0.4252
7205.5 ; 8 ; 0.30 ; 0.2419516 ; 0.2423902 ; 0.4257
7219.8 ; 9 ; 0.41 ; 0.2419342 ; 0.2423671 ; 0.4247
7233.9 ; 10 ; 0.39 ; 0.2419313 ; 0.2423647 ; 0.4246
7248.2 ; 11 ; 0.34 ; 0.2419319 ; 0.2423634 ; 0.4245
7262.6 ; 12 ; 0.25 ; 0.2418835 ; 0.2423178 ; 0.4254
7276.9 ; 13 ; 0.36 ; 0.2418781 ; 0.2423323 ; 0.4257
7291.2 ; 14 ; 0.29 ; 0.2418423 ; 0.2423032 ; 0.4252
7305.4 ; 15 ; 0.34 ; 0.2417941 ; 0.2422394 ; 0.4256
7319.3 ; 16 ; 0.23 ; 0.2417605 ; 0.2422085 ; 0.4255
7333.9 ; 17 ; 0.38 ; 0.2417477 ; 0.2422105 ; 0.4256
7347.8 ; 18 ; 0.38 ; 0.2417041 ; 0.2421613 ; 0.4259
7361.9 ; 19 ; 0.28 ; 0.2416925 ; 0.2421638 ; 0.4249
7376.3 ; 20 ; 0.29 ; 0.2417051 ; 0.2421917 ; 0.4265
7390.2 ; 21 ; 0.34 ; 0.2416509 ; 0.2421343 ; 0.4273
7404.2 ; 22 ; 0.24 ; 0.2416448 ; 0.2421225 ; 0.4266
7418.3 ; 23 ; 0.22 ; 0.2416133 ; 0.2420761 ; 0.4270
7432.7 ; 24 ; 0.38 ; 0.2415872 ; 0.2420378 ; 0.4264
7447.0 ; 25 ; 0.36 ; 0.2415538 ; 0.2420027 ; 0.4264
7461.1 ; 26 ; 0.31 ; 0.2415477 ; 0.2419846 ; 0.4269
7475.4 ; 27 ; 0.33 ; 0.2415222 ; 0.2419406 ; 0.4275
7489.7 ; 28 ; 0.32 ; 0.2415220 ; 0.2419589 ; 0.4270
7504.0 ; 29 ; 0.33 ; 0.2414630 ; 0.2419012 ; 0.4275
7518.0 ; 30 ; 0.27 ; 0.2414403 ; 0.2418727 ; 0.4282
7532.4 ; 31 ; 0.32 ; 0.2414084 ; 0.2418468 ; 0.4279
7546.5 ; 32 ; 0.33 ; 0.2414021 ; 0.2418581 ; 0.4278
7560.8 ; 33 ; 0.39 ; 0.2413638 ; 0.2418092 ; 0.4277
7575.3 ; 34 ; 0.26 ; 0.2413554 ; 0.2418042 ; 0.4277
7589.6 ; 35 ; 0.34 ; 0.2413289 ; 0.2417806 ; 0.4281
7603.7 ; 36 ; 0.23 ; 0.2413122 ; 0.2417640 ; 0.4279
7617.9 ; 37 ; 0.35 ; 0.2413017 ; 0.2417618 ; 0.4273
7632.2 ; 38 ; 0.28 ; 0.2412807 ; 0.2417281 ; 0.4279
7646.5 ; 39 ; 0.28 ; 0.2412727 ; 0.2417299 ; 0.4278
7660.7 ; 40 ; 0.35 ; 0.2412326 ; 0.2416910 ; 0.4287
7675.1 ; 41 ; 0.33 ; 0.2412188 ; 0.2416770 ; 0.4281
7689.3 ; 42 ; 0.31 ; 0.2411955 ; 0.2416597 ; 0.4276
7703.5 ; 43 ; 0.30 ; 0.2411431 ; 0.2415868 ; 0.4290
7717.7 ; 44 ; 0.31 ; 0.2411514 ; 0.2416137 ; 0.4281
7731.8 ; 45 ; 0.35 ; 0.2411045 ; 0.2415765 ; 0.4295
7746.0 ; 46 ; 0.30 ; 0.2410675 ; 0.2415238 ; 0.4284
7760.0 ; 47 ; 0.29 ; 0.2410555 ; 0.2415093 ; 0.4285
7774.1 ; 48 ; 0.26 ; 0.2410410 ; 0.2414915 ; 0.4288
7788.3 ; 49 ; 0.32 ; 0.2410192 ; 0.2414753 ; 0.4291
7802.6 ; 50 ; 0.30 ; 0.2410039 ; 0.2414912 ; 0.4285
7816.9 ; 51 ; 0.30 ; 0.2409740 ; 0.2414623 ; 0.4294
7831.1 ; 52 ; 0.39 ; 0.2409402 ; 0.2414366 ; 0.4295
7845.2 ; 53 ; 0.34 ; 0.2409049 ; 0.2413895 ; 0.4294
7859.6 ; 54 ; 0.28 ; 0.2408959 ; 0.2413857 ; 0.4286
7874.0 ; 55 ; 0.40 ; 0.2408689 ; 0.2413586 ; 0.4291
7888.1 ; 56 ; 0.39 ; 0.2408379 ; 0.2413199 ; 0.4296
7902.4 ; 57 ; 0.35 ; 0.2408082 ; 0.2412774 ; 0.4304
7916.5 ; 58 ; 0.35 ; 0.2408226 ; 0.2412963 ; 0.4303
7930.8 ; 59 ; 0.35 ; 0.2407806 ; 0.2412573 ; 0.4312
7945.0 ; 60 ; 0.30 ; 0.2407638 ; 0.2412457 ; 0.4291
7959.1 ; 61 ; 0.29 ; 0.2407035 ; 0.2411753 ; 0.4311
7973.3 ; 62 ; 0.41 ; 0.2407084 ; 0.2411809 ; 0.4305
7987.3 ; 63 ; 0.28 ; 0.2406848 ; 0.2411610 ; 0.4308
8001.2 ; 64 ; 0.28 ; 0.2406462 ; 0.2411309 ; 0.4312
8015.2 ; 65 ; 0.41 ; 0.2406207 ; 0.2411053 ; 0.4303
8029.2 ; 66 ; 0.23 ; 0.2406163 ; 0.2411231 ; 0.4298
8043.4 ; 67 ; 0.32 ; 0.2405999 ; 0.2410979 ; 0.4299
8057.8 ; 68 ; 0.34 ; 0.2405475 ; 0.2410428 ; 0.4303
8072.0 ; 69 ; 0.40 ; 0.2405254 ; 0.2410068 ; 0.4306
8086.2 ; 70 ; 0.26 ; 0.2404913 ; 0.2409766 ; 0.4305
8100.3 ; 71 ; 0.27 ; 0.2404787 ; 0.2409581 ; 0.4314
8114.4 ; 72 ; 0.29 ; 0.2404435 ; 0.2409313 ; 0.4315
8128.5 ; 73 ; 0.35 ; 0.2404510 ; 0.2409564 ; 0.4295
8142.8 ; 74 ; 0.42 ; 0.2404174 ; 0.2409362 ; 0.4308
8157.2 ; 75 ; 0.27 ; 0.2404065 ; 0.2409325 ; 0.4316
8171.5 ; 76 ; 0.21 ; 0.2403874 ; 0.2409158 ; 0.4311
8185.7 ; 77 ; 0.23 ; 0.2403586 ; 0.2408789 ; 0.4305
8199.9 ; 78 ; 0.27 ; 0.2403319 ; 0.2408420 ; 0.4308
8214.0 ; 79 ; 0.30 ; 0.2402958 ; 0.2408173 ; 0.4307
8228.4 ; 80 ; 0.38 ; 0.2402622 ; 0.2407572 ; 0.4310
8242.9 ; 81 ; 0.29 ; 0.2402684 ; 0.2407699 ; 0.4309
8257.1 ; 82 ; 0.34 ; 0.2402405 ; 0.2407409 ; 0.4309
8271.3 ; 83 ; 0.34 ; 0.2402450 ; 0.2407431 ; 0.4314
8285.4 ; 84 ; 0.32 ; 0.2402295 ; 0.2407571 ; 0.4307
8299.8 ; 85 ; 0.34 ; 0.2401857 ; 0.2406921 ; 0.4307
8314.1 ; 86 ; 0.31 ; 0.2401528 ; 0.2406658 ; 0.4314
8328.3 ; 87 ; 0.32 ; 0.2401488 ; 0.2406679 ; 0.4316
8342.7 ; 88 ; 0.27 ; 0.2401268 ; 0.2406322 ; 0.4311
8356.9 ; 89 ; 0.30 ; 0.2401035 ; 0.2405980 ; 0.4321
8371.1 ; 90 ; 0.35 ; 0.2400966 ; 0.2406024 ; 0.4321
8385.6 ; 91 ; 0.36 ; 0.2400860 ; 0.2405913 ; 0.4317
8399.8 ; 92 ; 0.29 ; 0.2400304 ; 0.2405400 ; 0.4318
8413.9 ; 93 ; 0.34 ; 0.2400155 ; 0.2405411 ; 0.4313
8428.0 ; 94 ; 0.32 ; 0.2399958 ; 0.2405366 ; 0.4319
8442.3 ; 95 ; 0.26 ; 0.2400065 ; 0.2405473 ; 0.4310
8456.5 ; 96 ; 0.35 ; 0.2399420 ; 0.2404615 ; 0.4314
8470.8 ; 97 ; 0.36 ; 0.2399270 ; 0.2404574 ; 0.4310
8484.7 ; 98 ; 0.29 ; 0.2399090 ; 0.2404548 ; 0.4311
8499.0 ; 99 ; 0.41 ; 0.2398764 ; 0.2404072 ; 0.4314
8527.8 ; 1 ; 0.53 ; 0.3439064 ; 0.3454131 ; 0.0838
8543.0 ; 2 ; 0.52 ; 0.3430484 ; 0.3445109 ; 0.0838
8558.2 ; 3 ; 0.51 ; 0.3422346 ; 0.3436451 ; 0.0846
8573.9 ; 4 ; 0.61 ; 0.3412543 ; 0.3426346 ; 0.0838
8589.4 ; 5 ; 0.40 ; 0.3407493 ; 0.3420840 ; 0.0842
8605.0 ; 6 ; 0.45 ; 0.3401067 ; 0.3414019 ; 0.0851
8620.2 ; 7 ; 0.44 ; 0.3394820 ; 0.3407466 ; 0.0855
8635.6 ; 8 ; 0.48 ; 0.3388298 ; 0.3400864 ; 0.0841
8650.6 ; 9 ; 0.59 ; 0.3379254 ; 0.3391217 ; 0.0845
8666.0 ; 10 ; 0.53 ; 0.3370408 ; 0.3381803 ; 0.0847
8681.5 ; 11 ; 0.44 ; 0.3364158 ; 0.3375255 ; 0.0852
8696.7 ; 12 ; 0.52 ; 0.3354415 ; 0.3364866 ; 0.0862
8711.8 ; 13 ; 0.51 ; 0.3346851 ; 0.3357118 ; 0.0865
8727.0 ; 14 ; 0.50 ; 0.3336711 ; 0.3346152 ; 0.0857
8742.4 ; 15 ; 0.40 ; 0.3328110 ; 0.3336868 ; 0.0869
8757.5 ; 16 ; 0.51 ; 0.3317844 ; 0.3326090 ; 0.0863
8772.9 ; 17 ; 0.55 ; 0.3305798 ; 0.3313658 ; 0.0875
8788.7 ; 18 ; 0.53 ; 0.3292356 ; 0.3299969 ; 0.0890
8803.7 ; 19 ; 0.50 ; 0.3283123 ; 0.3290521 ; 0.0904
8819.0 ; 20 ; 0.51 ; 0.3270640 ; 0.3277787 ; 0.0907
8834.5 ; 21 ; 0.38 ; 0.3261498 ; 0.3268151 ; 0.0943
8850.4 ; 22 ; 0.53 ; 0.3247980 ; 0.3254165 ; 0.0975
8865.9 ; 23 ; 0.42 ; 0.3237784 ; 0.3243926 ; 0.0989
8881.3 ; 24 ; 0.39 ; 0.3229941 ; 0.3235811 ; 0.0993
8896.8 ; 25 ; 0.50 ; 0.3218272 ; 0.3223528 ; 0.1033
8912.5 ; 26 ; 0.48 ; 0.3206727 ; 0.3211647 ; 0.1073
8927.5 ; 27 ; 0.52 ; 0.3197021 ; 0.3201583 ; 0.1110
8942.5 ; 28 ; 0.55 ; 0.3188118 ; 0.3192621 ; 0.1153
8957.4 ; 29 ; 0.44 ; 0.3179521 ; 0.3183605 ; 0.1197
8973.0 ; 30 ; 0.49 ; 0.3171602 ; 0.3175166 ; 0.1219
8988.4 ; 31 ; 0.51 ; 0.3166123 ; 0.3169717 ; 0.1233
9003.7 ; 32 ; 0.59 ; 0.3160939 ; 0.3164332 ; 0.1232
9018.8 ; 33 ; 0.39 ; 0.3157480 ; 0.3160681 ; 0.1255
9034.2 ; 34 ; 0.54 ; 0.3153314 ; 0.3156408 ; 0.1256
9049.4 ; 35 ; 0.41 ; 0.3151115 ; 0.3154206 ; 0.1268
9064.6 ; 36 ; 0.45 ; 0.3148552 ; 0.3151728 ; 0.1284
9079.9 ; 37 ; 0.46 ; 0.3145738 ; 0.3148737 ; 0.1298
9094.9 ; 38 ; 0.54 ; 0.3141955 ; 0.3144642 ; 0.1299
9109.8 ; 39 ; 0.47 ; 0.3138599 ; 0.3141262 ; 0.1320
9124.8 ; 40 ; 0.47 ; 0.3135034 ; 0.3137695 ; 0.1319
9140.1 ; 41 ; 0.47 ; 0.3132287 ; 0.3134857 ; 0.1324
9155.3 ; 42 ; 0.50 ; 0.3129590 ; 0.3132246 ; 0.1307
9170.4 ; 43 ; 0.42 ; 0.3127115 ; 0.3129915 ; 0.1320
9185.4 ; 44 ; 0.49 ; 0.3123901 ; 0.3126602 ; 0.1339
9200.6 ; 45 ; 0.55 ; 0.3119904 ; 0.3122420 ; 0.1355
9215.6 ; 46 ; 0.52 ; 0.3118254 ; 0.3120787 ; 0.1371
9230.8 ; 47 ; 0.43 ; 0.3115389 ; 0.3117940 ; 0.1375
9246.5 ; 48 ; 0.51 ; 0.3111826 ; 0.3114242 ; 0.1374
9261.5 ; 49 ; 0.53 ; 0.3108778 ; 0.3111413 ; 0.1375
9276.7 ; 50 ; 0.46 ; 0.3106905 ; 0.3109591 ; 0.1398
9291.8 ; 51 ; 0.51 ; 0.3104102 ; 0.3106801 ; 0.1408
9307.0 ; 52 ; 0.57 ; 0.3101214 ; 0.3103947 ; 0.1427
9322.3 ; 53 ; 0.49 ; 0.3099025 ; 0.3102004 ; 0.1415
9337.9 ; 54 ; 0.47 ; 0.3096565 ; 0.3099552 ; 0.1434
9353.3 ; 55 ; 0.42 ; 0.3093739 ; 0.3096701 ; 0.1444
9368.6 ; 56 ; 0.38 ; 0.3092286 ; 0.3095303 ; 0.1442
9384.1 ; 57 ; 0.48 ; 0.3089793 ; 0.3092791 ; 0.1440
9399.4 ; 58 ; 0.50 ; 0.3086857 ; 0.3089817 ; 0.1449
9414.8 ; 59 ; 0.40 ; 0.3085014 ; 0.3088028 ; 0.1462
9430.2 ; 60 ; 0.46 ; 0.3082685 ; 0.3085813 ; 0.1482
9445.3 ; 61 ; 0.47 ; 0.3080083 ; 0.3083157 ; 0.1494
9460.7 ; 62 ; 0.36 ; 0.3078226 ; 0.3081382 ; 0.1497
9476.1 ; 63 ; 0.50 ; 0.3076136 ; 0.3079486 ; 0.1504
9491.2 ; 64 ; 0.38 ; 0.3074120 ; 0.3077523 ; 0.1509
9506.3 ; 65 ; 0.49 ; 0.3071897 ; 0.3075394 ; 0.1526
9522.0 ; 66 ; 0.41 ; 0.3070552 ; 0.3074114 ; 0.1526
9537.5 ; 67 ; 0.48 ; 0.3067593 ; 0.3071045 ; 0.1540
9552.9 ; 68 ; 0.45 ; 0.3064968 ; 0.3068198 ; 0.1547
9568.0 ; 69 ; 0.48 ; 0.3062777 ; 0.3066304 ; 0.1552
9583.4 ; 70 ; 0.43 ; 0.3060943 ; 0.3064397 ; 0.1571
9599.1 ; 71 ; 0.51 ; 0.3058800 ; 0.3062245 ; 0.1570
9614.4 ; 72 ; 0.53 ; 0.3056613 ; 0.3059993 ; 0.1585
9629.6 ; 73 ; 0.49 ; 0.3054221 ; 0.3057549 ; 0.1588
9644.8 ; 74 ; 0.51 ; 0.3052053 ; 0.3055506 ; 0.1605
9660.2 ; 75 ; 0.53 ; 0.3049198 ; 0.3052562 ; 0.1617
9675.4 ; 76 ; 0.51 ; 0.3046893 ; 0.3050268 ; 0.1618
9690.7 ; 77 ; 0.44 ; 0.3044985 ; 0.3048119 ; 0.1643
9706.1 ; 78 ; 0.45 ; 0.3043567 ; 0.3046856 ; 0.1654
9721.7 ; 79 ; 0.49 ; 0.3041653 ; 0.3044966 ; 0.1657
9737.0 ; 80 ; 0.39 ; 0.3039344 ; 0.3042714 ; 0.1665
9752.5 ; 81 ; 0.45 ; 0.3037090 ; 0.3040410 ; 0.1670
9768.0 ; 82 ; 0.43 ; 0.3034512 ; 0.3037805 ; 0.1683
9783.0 ; 83 ; 0.44 ; 0.3031526 ; 0.3034754 ; 0.1693
9798.2 ; 84 ; 0.49 ; 0.3029964 ; 0.3033477 ; 0.1692
9813.4 ; 85 ; 0.51 ; 0.3028114 ; 0.3031700 ; 0.1704
9828.5 ; 86 ; 0.45 ; 0.3025660 ; 0.3029232 ; 0.1710
9843.3 ; 87 ; 0.42 ; 0.3023854 ; 0.3027519 ; 0.1727
9858.3 ; 88 ; 0.49 ; 0.3021159 ; 0.3024960 ; 0.1742
9873.3 ; 89 ; 0.48 ; 0.3019656 ; 0.3023539 ; 0.1752
9888.7 ; 90 ; 0.44 ; 0.3017268 ; 0.3021187 ; 0.1765
9904.1 ; 91 ; 0.43 ; 0.3014944 ; 0.3018810 ; 0.1774
9919.4 ; 92 ; 0.57 ; 0.3012044 ; 0.3015806 ; 0.1785
9934.4 ; 93 ; 0.45 ; 0.3009106 ; 0.3012732 ; 0.1798
9950.0 ; 94 ; 0.52 ; 0.3007027 ; 0.3010719 ; 0.1807
9965.6 ; 95 ; 0.50 ; 0.3004941 ; 0.3008445 ; 0.1822
9980.8 ; 96 ; 0.55 ; 0.3002616 ; 0.3005980 ; 0.1836
9996.0 ; 97 ; 0.46 ; 0.2999976 ; 0.3003185 ; 0.1844
10011.1 ; 98 ; 0.53 ; 0.2996852 ; 0.2999913 ; 0.1852
10026.4 ; 99 ; 0.38 ; 0.2994472 ; 0.2997558 ; 0.1863
10042.0 ; 100 ; 0.52 ; 0.2990510 ; 0.2993599 ; 0.1877
10057.0 ; 101 ; 0.44 ; 0.2987526 ; 0.2990631 ; 0.1908
10072.1 ; 102 ; 0.47 ; 0.2986048 ; 0.2989153 ; 0.1905
10087.8 ; 103 ; 0.39 ; 0.2984264 ; 0.2987269 ; 0.1919
10103.5 ; 104 ; 0.49 ; 0.2980200 ; 0.2983237 ; 0.1920
10118.9 ; 105 ; 0.48 ; 0.2977582 ; 0.2980458 ; 0.1941
10134.3 ; 106 ; 0.48 ; 0.2974476 ; 0.2977186 ; 0.1962
10149.6 ; 107 ; 0.51 ; 0.2970266 ; 0.2972683 ; 0.1986
10165.1 ; 108 ; 0.47 ; 0.2968234 ; 0.2970723 ; 0.1965
10180.3 ; 109 ; 0.42 ; 0.2964941 ; 0.2967297 ; 0.1986
10195.5 ; 110 ; 0.44 ; 0.2962297 ; 0.2964331 ; 0.2015
10211.1 ; 111 ; 0.48 ; 0.2957645 ; 0.2959750 ; 0.2037
10226.6 ; 112 ; 0.45 ; 0.2954610 ; 0.2956408 ; 0.2059
10241.8 ; 113 ; 0.50 ; 0.2951983 ; 0.2953698 ; 0.2092
10257.1 ; 114 ; 0.45 ; 0.2948543 ; 0.2950271 ; 0.2106
10272.7 ; 115 ; 0.49 ; 0.2945226 ; 0.2946688 ; 0.2124
10287.9 ; 116 ; 0.51 ; 0.2941484 ; 0.2942910 ; 0.2145
10303.2 ; 117 ; 0.38 ; 0.2939372 ; 0.2940648 ; 0.2179
10318.4 ; 118 ; 0.46 ; 0.2935064 ; 0.2936223 ; 0.2218
10333.6 ; 119 ; 0.55 ; 0.2930665 ; 0.2931574 ; 0.2270
10349.0 ; 120 ; 0.49 ; 0.2926506 ; 0.2927181 ; 0.2282
10364.3 ; 121 ; 0.49 ; 0.2923151 ; 0.2923535 ; 0.2313
10379.6 ; 122 ; 0.47 ; 0.2919435 ; 0.2919715 ; 0.2348
10394.6 ; 123 ; 0.44 ; 0.2914873 ; 0.2915001 ; 0.2370
10409.7 ; 124 ; 0.54 ; 0.2910919 ; 0.2910965 ; 0.2397
10425.3 ; 125 ; 0.48 ; 0.2907588 ; 0.2907404 ; 0.2457
10441.1 ; 126 ; 0.54 ; 0.2903971 ; 0.2903361 ; 0.2453
10456.1 ; 127 ; 0.55 ; 0.2899327 ; 0.2898426 ; 0.2488
10471.5 ; 128 ; 0.43 ; 0.2895057 ; 0.2894078 ; 0.2530
10486.6 ; 129 ; 0.46 ; 0.2890753 ; 0.2889530 ; 0.2590
10502.1 ; 130 ; 0.42 ; 0.2887056 ; 0.2885631 ; 0.2626
10517.5 ; 131 ; 0.50 ; 0.2884259 ; 0.2882651 ; 0.2658
10532.5 ; 132 ; 0.47 ; 0.2880263 ; 0.2878516 ; 0.2692
10547.8 ; 133 ; 0.51 ; 0.2876029 ; 0.2873869 ; 0.2744
10563.2 ; 134 ; 0.50 ; 0.2873153 ; 0.2870971 ; 0.2757
10578.5 ; 135 ; 0.50 ; 0.2868964 ; 0.2866874 ; 0.2793
10594.0 ; 136 ; 0.42 ; 0.2866067 ; 0.2863719 ; 0.2824
10609.4 ; 137 ; 0.46 ; 0.2862808 ; 0.2860366 ; 0.2867
10624.8 ; 138 ; 0.45 ; 0.2858216 ; 0.2855565 ; 0.2922
10640.4 ; 139 ; 0.48 ; 0.2856127 ; 0.2853474 ; 0.2944
10656.1 ; 140 ; 0.48 ; 0.2852976 ; 0.2850430 ; 0.2980
10671.8 ; 141 ; 0.48 ; 0.2849542 ; 0.2846889 ; 0.2999
10687.4 ; 142 ; 0.41 ; 0.2847718 ; 0.2845079 ; 0.3004
10702.8 ; 143 ; 0.47 ; 0.2844548 ; 0.2841820 ; 0.3042
10717.8 ; 144 ; 0.46 ; 0.2842063 ; 0.2839183 ; 0.3084
10733.1 ; 145 ; 0.47 ; 0.2839316 ; 0.2836497 ; 0.3113
10748.2 ; 146 ; 0.46 ; 0.2836770 ; 0.2833906 ; 0.3140
10763.5 ; 147 ; 0.56 ; 0.2833323 ; 0.2830345 ; 0.3157
10779.0 ; 148 ; 0.38 ; 0.2830983 ; 0.2828006 ; 0.3180
10794.0 ; 149 ; 0.56 ; 0.2829030 ; 0.2826064 ; 0.3190
10809.5 ; 150 ; 0.56 ; 0.2825729 ; 0.2822829 ; 0.3228
10825.0 ; 151 ; 0.42 ; 0.2823125 ; 0.2820183 ; 0.3245
10840.1 ; 152 ; 0.44 ; 0.2821574 ; 0.2818484 ; 0.3264
10855.5 ; 153 ; 0.49 ; 0.2819635 ; 0.2816493 ; 0.3300
10870.9 ; 154 ; 0.44 ; 0.2818336 ; 0.2815474 ; 0.3306
10886.1 ; 155 ; 0.41 ; 0.2816212 ; 0.2813232 ; 0.3345
10901.3 ; 156 ; 0.47 ; 0.2813665 ; 0.2810762 ; 0.3373
10916.7 ; 157 ; 0.45 ; 0.2811791 ; 0.2808932 ; 0.3381
10932.0 ; 158 ; 0.45 ; 0.2809800 ; 0.2807077 ; 0.3389
10947.3 ; 159 ; 0.52 ; 0.2807728 ; 0.2805187 ; 0.3386
10962.5 ; 160 ; 0.48 ; 0.2805500 ; 0.2802923 ; 0.3407
10978.0 ; 161 ; 0.47 ; 0.2803173 ; 0.2800723 ; 0.3424
10993.4 ; 162 ; 0.48 ; 0.2800745 ; 0.2798257 ; 0.3439
11009.1 ; 163 ; 0.50 ; 0.2799198 ; 0.2796662 ; 0.3478
11024.6 ; 164 ; 0.36 ; 0.2798113 ; 0.2795574 ; 0.3491
11039.8 ; 165 ; 0.49 ; 0.2795474 ; 0.2792798 ; 0.3494
11055.3 ; 166 ; 0.36 ; 0.2794075 ; 0.2791466 ; 0.3514
11070.4 ; 167 ; 0.49 ; 0.2792166 ; 0.2789538 ; 0.3540
11085.7 ; 168 ; 0.46 ; 0.2790266 ; 0.2787662 ; 0.3546
11101.0 ; 169 ; 0.47 ; 0.2788487 ; 0.2785810 ; 0.3548
11116.4 ; 170 ; 0.52 ; 0.2786892 ; 0.2784203 ; 0.3560
11131.9 ; 171 ; 0.41 ; 0.2785580 ; 0.2782892 ; 0.3562
11147.1 ; 172 ; 0.53 ; 0.2783539 ; 0.2780844 ; 0.3577
11162.3 ; 173 ; 0.44 ; 0.2782547 ; 0.2779854 ; 0.3589
11177.6 ; 174 ; 0.48 ; 0.2780563 ; 0.2777784 ; 0.3604
11193.0 ; 175 ; 0.42 ; 0.2779229 ; 0.2776450 ; 0.3612
11208.1 ; 176 ; 0.39 ; 0.2778182 ; 0.2775517 ; 0.3614
11223.5 ; 177 ; 0.45 ; 0.2776610 ; 0.2774059 ; 0.3627
11238.8 ; 178 ; 0.42 ; 0.2775522 ; 0.2772991 ; 0.3650
11254.2 ; 179 ; 0.50 ; 0.2773615 ; 0.2770992 ; 0.3656
11269.6 ; 180 ; 0.44 ; 0.2772855 ; 0.2770220 ; 0.3653
11284.9 ; 181 ; 0.46 ; 0.2771909 ; 0.2769295 ; 0.3667
11299.9 ; 182 ; 0.55 ; 0.2769443 ; 0.2766708 ; 0.3681
11315.3 ; 183 ; 0.43 ; 0.2768260 ; 0.2765616 ; 0.3688
11330.9 ; 184 ; 0.53 ; 0.2766171 ; 0.2763495 ; 0.3699
11346.4 ; 185 ; 0.42 ; 0.2765561 ; 0.2762871 ; 0.3688
11361.9 ; 186 ; 0.51 ; 0.2763816 ; 0.2761240 ; 0.3706
11376.9 ; 187 ; 0.37 ; 0.2762306 ; 0.2759694 ; 0.3729
11392.1 ; 188 ; 0.51 ; 0.2761010 ; 0.2758379 ; 0.3720
11407.0 ; 189 ; 0.52 ; 0.2758611 ; 0.2756041 ; 0.3741
11422.2 ; 190 ; 0.49 ; 0.2756951 ; 0.2754435 ; 0.3762
11437.5 ; 191 ; 0.44 ; 0.2755908 ; 0.2753418 ; 0.3763
11452.9 ; 192 ; 0.40 ; 0.2754259 ; 0.2751786 ; 0.3771
11468.3 ; 193 ; 0.50 ; 0.2752095 ; 0.2749547 ; 0.3773
11484.0 ; 194 ; 0.55 ; 0.2751263 ; 0.2748838 ; 0.3794
11499.1 ; 195 ; 0.53 ; 0.2750084 ; 0.2747563 ; 0.3792
11514.4 ; 196 ; 0.35 ; 0.2749421 ; 0.2746899 ; 0.3789
11529.7 ; 197 ; 0.56 ; 0.2747576 ; 0.2745105 ; 0.3802
11544.8 ; 198 ; 0.46 ; 0.2746741 ; 0.2744190 ; 0.3800
11559.8 ; 199 ; 0.43 ; 0.2745290 ; 0.2742765 ; 0.3805
11588.4 ; 201 ; 0.46 ; 0.2742029 ; 0.2739791 ; 0.3825
11603.5 ; 202 ; 0.56 ; 0.2740785 ; 0.2738608 ; 0.3830
11619.0 ; 203 ; 0.46 ; 0.2739520 ; 0.2737485 ; 0.3833
11634.4 ; 204 ; 0.42 ; 0.2738620 ; 0.2736527 ; 0.3831
11649.6 ; 205 ; 0.45 ; 0.2737523 ; 0.2735557 ; 0.3838
11665.2 ; 206 ; 0.46 ; 0.2736503 ; 0.2734440 ; 0.3851
11680.3 ; 207 ; 0.44 ; 0.2734934 ; 0.2733031 ; 0.3851
11695.4 ; 208 ; 0.59 ; 0.2733773 ; 0.2731944 ; 0.3862
11710.9 ; 209 ; 0.38 ; 0.2732731 ; 0.2731047 ; 0.3856
11726.5 ; 210 ; 0.45 ; 0.2731748 ; 0.2730306 ; 0.3849
11741.9 ; 211 ; 0.44 ; 0.2731128 ; 0.2729671 ; 0.3852
11757.4 ; 212 ; 0.51 ; 0.2729938 ; 0.2728548 ; 0.3864
11772.6 ; 213 ; 0.44 ; 0.2728896 ; 0.2727541 ; 0.3881
11787.9 ; 214 ; 0.58 ; 0.2727934 ; 0.2726644 ; 0.3882
11803.1 ; 215 ; 0.41 ; 0.2727012 ; 0.2725713 ; 0.3883
11818.3 ; 216 ; 0.53 ; 0.2725879 ; 0.2724687 ; 0.3879
11833.8 ; 217 ; 0.34 ; 0.2725213 ; 0.2724087 ; 0.3886
11849.1 ; 218 ; 0.42 ; 0.2724593 ; 0.2723520 ; 0.3885
11864.4 ; 219 ; 0.45 ; 0.2723781 ; 0.2722741 ; 0.3898
11879.9 ; 220 ; 0.47 ; 0.2721742 ; 0.2720755 ; 0.3913
11895.3 ; 221 ; 0.45 ; 0.2720766 ; 0.2719831 ; 0.3930
11910.4 ; 222 ; 0.51 ; 0.2720131 ; 0.2719325 ; 0.3919
11925.7 ; 223 ; 0.49 ; 0.2718734 ; 0.2717883 ; 0.3927
11940.8 ; 224 ; 0.40 ; 0.2717648 ; 0.2716860 ; 0.3926
11956.0 ; 225 ; 0.48 ; 0.2716995 ; 0.2716122 ; 0.3919
11971.5 ; 226 ; 0.48 ; 0.2716092 ; 0.2715377 ; 0.3914
11986.9 ; 227 ; 0.47 ; 0.2715517 ; 0.2714883 ; 0.3924
12002.0 ; 228 ; 0.48 ; 0.2714199 ; 0.2713487 ; 0.3935
12017.6 ; 229 ; 0.50 ; 0.2713227 ; 0.2712654 ; 0.3923
12033.1 ; 230 ; 0.51 ; 0.2712455 ; 0.2711895 ; 0.3935
12048.6 ; 231 ; 0.47 ; 0.2711313 ; 0.2710726 ; 0.3940
12063.9 ; 232 ; 0.45 ; 0.2710786 ; 0.2710238 ; 0.3948
12079.3 ; 233 ; 0.45 ; 0.2709612 ; 0.2709047 ; 0.3949
12094.5 ; 234 ; 0.50 ; 0.2708853 ; 0.2708506 ; 0.3935
12109.7 ; 235 ; 0.43 ; 0.2707951 ; 0.2707511 ; 0.3938
12125.3 ; 236 ; 0.52 ; 0.2707053 ; 0.2706812 ; 0.3941
12140.6 ; 237 ; 0.51 ; 0.2706083 ; 0.2705860 ; 0.3943
12156.0 ; 238 ; 0.49 ; 0.2705156 ; 0.2705157 ; 0.3950
12171.3 ; 239 ; 0.41 ; 0.2704364 ; 0.2704375 ; 0.3961
12186.4 ; 240 ; 0.44 ; 0.2703362 ; 0.2703515 ; 0.3966
12201.4 ; 241 ; 0.42 ; 0.2702777 ; 0.2703011 ; 0.3959
12216.3 ; 242 ; 0.48 ; 0.2702566 ; 0.2702710 ; 0.3947
12231.5 ; 243 ; 0.45 ; 0.2701489 ; 0.2701559 ; 0.3956
12246.9 ; 244 ; 0.41 ; 0.2700254 ; 0.2700272 ; 0.3970
12262.1 ; 245 ; 0.42 ; 0.2699507 ; 0.2699378 ; 0.3972
12277.1 ; 246 ; 0.55 ; 0.2699193 ; 0.2699074 ; 0.3963
12292.3 ; 247 ; 0.45 ; 0.2698298 ; 0.2698198 ; 0.3962
12307.9 ; 248 ; 0.39 ; 0.2697551 ; 0.2697407 ; 0.3967
12323.2 ; 249 ; 0.50 ; 0.2696664 ; 0.2696626 ; 0.3971
12338.6 ; 250 ; 0.41 ; 0.2696205 ; 0.2696071 ; 0.3970
12353.8 ; 251 ; 0.46 ; 0.2695266 ; 0.2695051 ; 0.3999
12368.9 ; 252 ; 0.48 ; 0.2694941 ; 0.2694720 ; 0.3978
12384.1 ; 253 ; 0.50 ; 0.2693897 ; 0.2693761 ; 0.3993
12399.4 ; 254 ; 0.48 ; 0.2692916 ; 0.2692855 ; 0.3992
12414.8 ; 255 ; 0.47 ; 0.2692358 ; 0.2692364 ; 0.3991
12430.3 ; 256 ; 0.44 ; 0.2691687 ; 0.2691739 ; 0.3991
12445.7 ; 257 ; 0.45 ; 0.2690964 ; 0.2691110 ; 0.3991
12461.0 ; 258 ; 0.50 ; 0.2690430 ; 0.2690693 ; 0.3991
12476.1 ; 259 ; 0.44 ; 0.2689463 ; 0.2689791 ; 0.3998
12490.9 ; 260 ; 0.45 ; 0.2688569 ; 0.2688943 ; 0.3996
12506.3 ; 261 ; 0.50 ; 0.2687835 ; 0.2688261 ; 0.4000
12521.3 ; 262 ; 0.51 ; 0.2687225 ; 0.2687773 ; 0.3984
12536.4 ; 263 ; 0.52 ; 0.2686593 ; 0.2687329 ; 0.3990
12552.1 ; 264 ; 0.36 ; 0.2685885 ; 0.2686562 ; 0.4006
12567.2 ; 265 ; 0.52 ; 0.2684777 ; 0.2685355 ; 0.3999
12582.3 ; 266 ; 0.41 ; 0.2684207 ; 0.2684855 ; 0.4006
12597.4 ; 267 ; 0.40 ; 0.2683553 ; 0.2684178 ; 0.4005
12612.5 ; 268 ; 0.50 ; 0.2682849 ; 0.2683451 ; 0.3988
12627.7 ; 269 ; 0.45 ; 0.2681979 ; 0.2682506 ; 0.3998
12642.9 ; 270 ; 0.42 ; 0.2681309 ; 0.2681934 ; 0.4009
12658.5 ; 271 ; 0.39 ; 0.2680681 ; 0.2681400 ; 0.4005
12673.6 ; 272 ; 0.46 ; 0.2680091 ; 0.2680900 ; 0.4003
12688.7 ; 273 ; 0.46 ; 0.2679633 ; 0.2680327 ; 0.4003
12703.9 ; 274 ; 0.37 ; 0.2679213 ; 0.2680025 ; 0.4018
12719.4 ; 275 ; 0.44 ; 0.2678020 ; 0.2678735 ; 0.4003
12734.4 ; 276 ; 0.41 ; 0.2677829 ; 0.2678679 ; 0.4006
12749.7 ; 277 ; 0.49 ; 0.2676917 ; 0.2677949 ; 0.4002
12764.9 ; 278 ; 0.47 ; 0.2676229 ; 0.2677099 ; 0.4014
12780.1 ; 279 ; 0.42 ; 0.2675811 ; 0.2676920 ; 0.4020
12795.2 ; 280 ; 0.44 ; 0.2674754 ; 0.2675959 ; 0.4020
12810.5 ; 281 ; 0.35 ; 0.2674654 ; 0.2675930 ; 0.4007
12825.7 ; 282 ; 0.52 ; 0.2673620 ; 0.2674804 ; 0.4015
12841.0 ; 283 ; 0.51 ; 0.2673006 ; 0.2674331 ; 0.4008
12856.4 ; 284 ; 0.48 ; 0.2672752 ; 0.2674201 ; 0.3995
12871.6 ; 285 ; 0.37 ; 0.2672127 ; 0.2673507 ; 0.4006
12887.0 ; 286 ; 0.45 ; 0.2671330 ; 0.2672776 ; 0.4003
12902.5 ; 287 ; 0.44 ; 0.2670655 ; 0.2672270 ; 0.3995
12917.8 ; 288 ; 0.54 ; 0.2669466 ; 0.2671139 ; 0.4000
12933.3 ; 289 ; 0.49 ; 0.2669380 ; 0.2671067 ; 0.3990
12948.6 ; 290 ; 0.38 ; 0.2668933 ; 0.2670615 ; 0.3999
12963.8 ; 291 ; 0.49 ; 0.2668074 ; 0.2669887 ; 0.3998
12979.0 ; 292 ; 0.41 ; 0.2667544 ; 0.2669422 ; 0.3993
12994.3 ; 293 ; 0.44 ; 0.2666840 ; 0.2668797 ; 0.3993
13009.5 ; 294 ; 0.48 ; 0.2666286 ; 0.2668223 ; 0.4004
13024.9 ; 295 ; 0.42 ; 0.2665278 ; 0.2667177 ; 0.4018
13040.3 ; 296 ; 0.42 ; 0.2664767 ; 0.2666757 ; 0.4021
13055.4 ; 297 ; 0.40 ; 0.2664463 ; 0.2666551 ; 0.4025
13070.4 ; 298 ; 0.40 ; 0.2663708 ; 0.2665720 ; 0.4029
13085.6 ; 299 ; 0.45 ; 0.2663098 ; 0.2665139 ; 0.4026
13114.7 ; 1 ; 0.36 ; 0.2662564 ; 0.2664683 ; 0.4012
13129.8 ; 2 ; 0.46 ; 0.2661717 ; 0.2663792 ; 0.4025
13145.0 ; 3 ; 0.36 ; 0.2661021 ; 0.2663149 ; 0.4030
13160.5 ; 4 ; 0.45 ; 0.2661036 ; 0.2663089 ; 0.4020
13176.0 ; 5 ; 0.47 ; 0.2660206 ; 0.2662348 ; 0.4022
13191.4 ; 6 ; 0.44 ; 0.2659987 ; 0.2662209 ; 0.4016
13206.8 ; 7 ; 0.43 ; 0.2659242 ; 0.2661442 ; 0.4023
13222.4 ; 8 ; 0.42 ; 0.2658733 ; 0.2660916 ; 0.4030
13238.3 ; 9 ; 0.43 ; 0.2658330 ; 0.2660576 ; 0.4029
13253.6 ; 10 ; 0.50 ; 0.2657206 ; 0.2659622 ; 0.4016
13268.8 ; 11 ; 0.57 ; 0.2656731 ; 0.2659198 ; 0.4010
13283.9 ; 12 ; 0.39 ; 0.2656340 ; 0.2658743 ; 0.4008
13299.1 ; 13 ; 0.40 ; 0.2655280 ; 0.2657640 ; 0.4024
13314.2 ; 14 ; 0.45 ; 0.2655111 ; 0.2657620 ; 0.4013
13329.3 ; 15 ; 0.49 ; 0.2654114 ; 0.2656666 ; 0.4017
13344.5 ; 16 ; 0.42 ; 0.2653986 ; 0.2656425 ; 0.4008
13360.0 ; 17 ; 0.45 ; 0.2653217 ; 0.2655646 ; 0.4024
13375.2 ; 18 ; 0.38 ; 0.2652715 ; 0.2655132 ; 0.4017
13390.4 ; 19 ; 0.57 ; 0.2651967 ; 0.2654459 ; 0.4020
13405.6 ; 20 ; 0.49 ; 0.2651523 ; 0.2654269 ; 0.4009
13420.9 ; 21 ; 0.35 ; 0.2651018 ; 0.2653814 ; 0.4014
13436.1 ; 22 ; 0.49 ; 0.2649974 ; 0.2652608 ; 0.4021
13451.4 ; 23 ; 0.42 ; 0.2649722 ; 0.2652439 ; 0.4011
13467.2 ; 24 ; 0.43 ; 0.2649028 ; 0.2651789 ; 0.4005
13482.6 ; 25 ; 0.53 ; 0.2648774 ; 0.2651637 ; 0.4016
13497.9 ; 26 ; 0.32 ; 0.2648425 ; 0.2651366 ; 0.3999
13513.1 ; 27 ; 0.46 ; 0.2647769 ; 0.2650681 ; 0.4003
13528.7 ; 28 ; 0.39 ; 0.2647166 ; 0.2650077 ; 0.4013
13544.3 ; 29 ; 0.37 ; 0.2646562 ; 0.2649579 ; 0.4007
13559.7 ; 30 ; 0.46 ; 0.2646218 ; 0.2649271 ; 0.4011
13575.0 ; 31 ; 0.46 ; 0.2645760 ; 0.2648633 ; 0.4012
13590.3 ; 32 ; 0.44 ; 0.2644783 ; 0.2647744 ; 0.4008
13605.6 ; 33 ; 0.51 ; 0.2644481 ; 0.2647398 ; 0.4013
13620.7 ; 34 ; 0.43 ; 0.2643886 ; 0.2646856 ; 0.4013
13635.8 ; 35 ; 0.50 ; 0.2643406 ; 0.2646409 ; 0.4004
13651.3 ; 36 ; 0.48 ; 0.2642958 ; 0.2645880 ; 0.3999
13666.9 ; 37 ; 0.42 ; 0.2642146 ; 0.2645080 ; 0.4000
13682.3 ; 38 ; 0.45 ; 0.2641449 ; 0.2644445 ; 0.3996
13698.0 ; 39 ; 0.36 ; 0.2641264 ; 0.2644123 ; 0.4010
13713.5 ; 40 ; 0.42 ; 0.2640692 ; 0.2643521 ; 0.4013
13729.0 ; 41 ; 0.36 ; 0.2640793 ; 0.2643565 ; 0.4005
13744.4 ; 42 ; 0.40 ; 0.2640208 ; 0.2643109 ; 0.4011
13759.8 ; 43 ; 0.52 ; 0.2639388 ; 0.2642293 ; 0.4011
13775.1 ; 44 ; 0.38 ; 0.2638836 ; 0.2641694 ; 0.4006
13790.6 ; 45 ; 0.35 ; 0.2638550 ; 0.2641393 ; 0.4019
13806.1 ; 46 ; 0.50 ; 0.2637921 ; 0.2640833 ; 0.4016
13821.4 ; 47 ; 0.39 ; 0.2637554 ; 0.2640577 ; 0.4021
13836.9 ; 48 ; 0.46 ; 0.2636877 ; 0.2639969 ; 0.4014
13852.4 ; 49 ; 0.51 ; 0.2636481 ; 0.2639617 ; 0.4017
13867.7 ; 50 ; 0.51 ; 0.2635423 ; 0.2638606 ; 0.4017
13883.4 ; 51 ; 0.37 ; 0.2635307 ; 0.2638505 ; 0.4007
13899.0 ; 52 ; 0.44 ; 0.2634910 ; 0.2638124 ; 0.4008
13914.2 ; 53 ; 0.44 ; 0.2634369 ; 0.2637769 ; 0.4019
13929.5 ; 54 ; 0.36 ; 0.2634277 ; 0.2637805 ; 0.4015
13944.9 ; 55 ; 0.41 ; 0.2633760 ; 0.2637215 ; 0.4015
13960.3 ; 56 ; 0.48 ; 0.2632733 ; 0.2636248 ; 0.4019
13976.1 ; 57 ; 0.39 ; 0.2632298 ; 0.2635725 ; 0.4023
13991.7 ; 58 ; 0.40 ; 0.2631747 ; 0.2635240 ; 0.4009
14007.1 ; 59 ; 0.43 ; 0.2631445 ; 0.2634877 ; 0.4029
14022.6 ; 60 ; 0.45 ; 0.2631076 ; 0.2634251 ; 0.4034
14038.1 ; 61 ; 0.33 ; 0.2630536 ; 0.2633699 ; 0.4029
14053.5 ; 62 ; 0.30 ; 0.2630245 ; 0.2633503 ; 0.4018
14068.6 ; 63 ; 0.36 ; 0.2629466 ; 0.2632808 ; 0.4028
14083.8 ; 64 ; 0.46 ; 0.2629494 ; 0.2632921 ; 0.4019
14099.1 ; 65 ; 0.35 ; 0.2629034 ; 0.2632404 ; 0.4020
14114.6 ; 66 ; 0.42 ; 0.2628934 ; 0.2632391 ; 0.4002
14130.0 ; 67 ; 0.40 ; 0.2628384 ; 0.2631854 ; 0.4009
14145.7 ; 68 ; 0.41 ; 0.2627699 ; 0.2631069 ; 0.4024
14161.1 ; 69 ; 0.49 ; 0.2627240 ; 0.2630687 ; 0.4028
14176.4 ; 70 ; 0.52 ; 0.2626779 ; 0.2630308 ; 0.4021
14191.6 ; 71 ; 0.35 ; 0.2626357 ; 0.2629914 ; 0.4020
14206.9 ; 72 ; 0.51 ; 0.2625584 ; 0.2629239 ; 0.4025
14222.1 ; 73 ; 0.44 ; 0.2625325 ; 0.2629089 ; 0.4016
14237.2 ; 74 ; 0.50 ; 0.2624677 ; 0.2628420 ; 0.4025
14252.6 ; 75 ; 0.40 ; 0.2624260 ; 0.2628028 ; 0.4031
14267.9 ; 76 ; 0.43 ; 0.2623600 ; 0.2627450 ; 0.4024
14283.4 ; 77 ; 0.47 ; 0.2622977 ; 0.2626867 ; 0.4033
14298.5 ; 78 ; 0.42 ; 0.2622348 ; 0.2626353 ; 0.4036
14313.7 ; 79 ; 0.43 ; 0.2622086 ; 0.2626337 ; 0.4023
14329.1 ; 80 ; 0.51 ; 0.2621671 ; 0.2625799 ; 0.4019
14344.2 ; 81 ; 0.43 ; 0.2620908 ; 0.2624981 ; 0.4028
14359.4 ; 82 ; 0.40 ; 0.2620701 ; 0.2624802 ; 0.4020
14374.7 ; 83 ; 0.47 ; 0.2620326 ; 0.2624419 ; 0.4022
14389.8 ; 84 ; 0.40 ; 0.2619680 ; 0.2623996 ; 0.4023
14404.9 ; 85 ; 0.51 ; 0.2619046 ; 0.2623321 ; 0.4028
14419.9 ; 86 ; 0.36 ; 0.2618648 ; 0.2622803 ; 0.4038
14435.0 ; 87 ; 0.47 ; 0.2618246 ; 0.2622351 ; 0.4043
14450.3 ; 88 ; 0.46 ; 0.2617982 ; 0.2622156 ; 0.4046
14465.6 ; 89 ; 0.37 ; 0.2617514 ; 0.2621767 ; 0.4029
14480.7 ; 90 ; 0.43 ; 0.2617155 ; 0.2621517 ; 0.4036
14496.0 ; 91 ; 0.35 ; 0.2616782 ; 0.2621102 ; 0.4043
14511.6 ; 92 ; 0.45 ; 0.2616269 ; 0.2620594 ; 0.4037
14526.9 ; 93 ; 0.44 ; 0.2615250 ; 0.2619572 ; 0.4046
14541.9 ; 94 ; 0.39 ; 0.2615101 ; 0.2619437 ; 0.4052
14557.1 ; 95 ; 0.41 ; 0.2614492 ; 0.2618805 ; 0.4045
14572.8 ; 96 ; 0.45 ; 0.2614059 ; 0.2618359 ; 0.4055
14588.5 ; 97 ; 0.42 ; 0.2613462 ; 0.2617725 ; 0.4053
14604.1 ; 98 ; 0.42 ; 0.2612572 ; 0.2616979 ; 0.4058
14619.6 ; 99 ; 0.46 ; 0.2612155 ; 0.2616630 ; 0.4058
14648.7 ; 1 ; 0.43 ; 0.2611826 ; 0.2616446 ; 0.4051
14664.3 ; 2 ; 0.49 ; 0.2611096 ; 0.2615715 ; 0.4060
14680.0 ; 3 ; 0.48 ; 0.2611002 ; 0.2615716 ; 0.4056
14695.6 ; 4 ; 0.36 ; 0.2610626 ; 0.2615337 ; 0.4061
14711.2 ; 5 ; 0.38 ; 0.2610299 ; 0.2614948 ; 0.4065
14726.7 ; 6 ; 0.43 ; 0.2609683 ; 0.2614293 ; 0.4071
14742.0 ; 7 ; 0.46 ; 0.2609299 ; 0.2613997 ; 0.4067
14757.3 ; 8 ; 0.40 ; 0.2608977 ; 0.2613613 ; 0.4066
14772.4 ; 9 ; 0.42 ; 0.2608992 ; 0.2613745 ; 0.4069
14787.6 ; 10 ; 0.48 ; 0.2608686 ; 0.2613488 ; 0.4073
14802.7 ; 11 ; 0.45 ; 0.2607652 ; 0.2612549 ; 0.4072
14818.4 ; 12 ; 0.53 ; 0.2606542 ; 0.2611424 ; 0.4071
14833.5 ; 13 ; 0.34 ; 0.2606663 ; 0.2611631 ; 0.4070
14848.9 ; 14 ; 0.39 ; 0.2606459 ; 0.2611344 ; 0.4077
14864.2 ; 15 ; 0.49 ; 0.2605779 ; 0.2610670 ; 0.4078
14879.7 ; 16 ; 0.41 ; 0.2605206 ; 0.2610089 ; 0.4076
14895.1 ; 17 ; 0.43 ; 0.2604713 ; 0.2609699 ; 0.4075
14910.5 ; 18 ; 0.47 ; 0.2603873 ; 0.2608822 ; 0.4078
14925.9 ; 19 ; 0.37 ; 0.2603752 ; 0.2608807 ; 0.4083
14941.4 ; 20 ; 0.44 ; 0.2603430 ; 0.2608594 ; 0.4082
14956.7 ; 21 ; 0.34 ; 0.2603880 ; 0.2609105 ; 0.4092
14972.1 ; 22 ; 0.40 ; 0.2603077 ; 0.2608172 ; 0.4080
14987.5 ; 23 ; 0.47 ; 0.2603049 ; 0.2608283 ; 0.4088
15003.0 ; 24 ; 0.38 ; 0.2602326 ; 0.2607554 ; 0.4085
15018.6 ; 25 ; 0.37 ; 0.2601974 ; 0.2607428 ; 0.4098
15034.5 ; 26 ; 0.44 ; 0.2601541 ; 0.2606952 ; 0.4091
15049.9 ; 27 ; 0.49 ; 0.2601004 ; 0.2606402 ; 0.4083
15065.2 ; 28 ; 0.45 ; 0.2600793 ; 0.2606258 ; 0.4100
15080.9 ; 29 ; 0.45 ; 0.2600137 ; 0.2605437 ; 0.4103
15096.6 ; 30 ; 0.41 ; 0.2599794 ; 0.2605129 ; 0.4095
15112.1 ; 31 ; 0.43 ; 0.2599278 ; 0.2604686 ; 0.4097
15127.1 ; 32 ; 0.52 ; 0.2598735 ; 0.2604039 ; 0.4103
15142.4 ; 33 ; 0.37 ; 0.2598503 ; 0.2603849 ; 0.4091
15157.7 ; 34 ; 0.41 ; 0.2598459 ; 0.2603818 ; 0.4091
15173.0 ; 35 ; 0.33 ; 0.2597629 ; 0.2603048 ; 0.4090
15188.2 ; 36 ; 0.35 ; 0.2597720 ; 0.2603125 ; 0.4098
15203.3 ; 37 ; 0.42 ; 0.2597302 ; 0.2602655 ; 0.4100
15218.7 ; 38 ; 0.33 ; 0.2596682 ; 0.2601913 ; 0.4106
15233.8 ; 39 ; 0.43 ; 0.2596740 ; 0.2601914 ; 0.4103
15249.3 ; 40 ; 0.43 ; 0.2595612 ; 0.2600804 ; 0.4114
15264.6 ; 41 ; 0.39 ; 0.2595847 ; 0.2601068 ; 0.4108
15280.2 ; 42 ; 0.36 ; 0.2595328 ; 0.2600512 ; 0.4120
15295.5 ; 43 ; 0.33 ; 0.2594947 ; 0.2600239 ; 0.4124
15310.9 ; 44 ; 0.40 ; 0.2594296 ; 0.2599651 ; 0.4119
15326.2 ; 45 ; 0.42 ; 0.2594363 ; 0.2599841 ; 0.4108
15341.8 ; 46 ; 0.34 ; 0.2594084 ; 0.2599410 ; 0.4111
15357.4 ; 47 ; 0.35 ; 0.2593778 ; 0.2599128 ; 0.4110
15372.9 ; 48 ; 0.36 ; 0.2593505 ; 0.2598964 ; 0.4109
15388.5 ; 49 ; 0.34 ; 0.2593169 ; 0.2598632 ; 0.4117
15403.9 ; 50 ; 0.45 ; 0.2592884 ; 0.2598318 ; 0.4121
15419.3 ; 51 ; 0.42 ; 0.2592526 ; 0.2597922 ; 0.4123
15434.7 ; 52 ; 0.38 ; 0.2591883 ; 0.2597419 ; 0.4124
15450.1 ; 53 ; 0.45 ; 0.2591554 ; 0.2597108 ; 0.4108
15465.5 ; 54 ; 0.40 ; 0.2591043 ; 0.2596613 ; 0.4114
15480.6 ; 55 ; 0.41 ; 0.2591006 ; 0.2596705 ; 0.4118
15495.8 ; 56 ; 0.45 ; 0.2590519 ; 0.2596190 ; 0.4130
15511.2 ; 57 ; 0.35 ; 0.2590299 ; 0.2596050 ; 0.4138
15526.4 ; 58 ; 0.45 ; 0.2589603 ; 0.2595358 ; 0.4135
15541.5 ; 59 ; 0.28 ; 0.2589849 ; 0.2595733 ; 0.4126
15556.8 ; 60 ; 0.44 ; 0.2589399 ; 0.2595353 ; 0.4116
15572.2 ; 61 ; 0.41 ; 0.2588924 ; 0.2594823 ; 0.4123
15587.5 ; 62 ; 0.51 ; 0.2588693 ; 0.2594553 ; 0.4133
15602.8 ; 63 ; 0.42 ; 0.2588281 ; 0.2594008 ; 0.4123
15618.0 ; 64 ; 0.34 ; 0.2588407 ; 0.2594060 ; 0.4121
15633.3 ; 65 ; 0.46 ; 0.2587828 ; 0.2593589 ; 0.4115
15648.5 ; 66 ; 0.38 ; 0.2587449 ; 0.2593161 ; 0.4132
15663.9 ; 67 ; 0.43 ; 0.2586332 ; 0.2591977 ; 0.4132
15679.2 ; 68 ; 0.38 ; 0.2586525 ; 0.2592170 ; 0.4120
15694.5 ; 69 ; 0.41 ; 0.2586116 ; 0.2591909 ; 0.4132
15709.6 ; 70 ; 0.43 ; 0.2585958 ; 0.2591799 ; 0.4137
15724.9 ; 71 ; 0.38 ; 0.2585502 ; 0.2591268 ; 0.4138
15740.5 ; 72 ; 0.45 ; 0.2585138 ; 0.2591029 ; 0.4147
15756.4 ; 73 ; 0.40 ; 0.2584377 ; 0.2590205 ; 0.4143
15772.2 ; 74 ; 0.40 ; 0.2584236 ; 0.2590042 ; 0.4146
15787.4 ; 75 ; 0.38 ; 0.2583952 ; 0.2589803 ; 0.4136
15802.5 ; 76 ; 0.42 ; 0.2583478 ; 0.2589356 ; 0.4143
15818.2 ; 77 ; 0.48 ; 0.2583290 ; 0.2589283 ; 0.4140
15833.8 ; 78 ; 0.40 ; 0.2582665 ; 0.2588695 ; 0.4145
15849.2 ; 79 ; 0.36 ; 0.2582317 ; 0.2588431 ; 0.4147
15864.8 ; 80 ; 0.49 ; 0.2581701 ; 0.2587873 ; 0.4146
15880.4 ; 81 ; 0.51 ; 0.2581355 ; 0.2587562 ; 0.4143
15895.7 ; 82 ; 0.43 ; 0.2580963 ; 0.2587172 ; 0.4140
15911.0 ; 83 ; 0.43 ; 0.2580349 ; 0.2586644 ; 0.4149
15926.7 ; 84 ; 0.40 ; 0.2580078 ; 0.2586435 ; 0.4145
15942.0 ; 85 ; 0.40 ; 0.2579776 ; 0.2586113 ; 0.4153
15957.4 ; 86 ; 0.39 ; 0.2579820 ; 0.2586199 ; 0.4148
15972.9 ; 87 ; 0.46 ; 0.2579089 ; 0.2585407 ; 0.4147
15988.4 ; 88 ; 0.39 ; 0.2578572 ; 0.2585022 ; 0.4149
16004.2 ; 89 ; 0.39 ; 0.2578510 ; 0.2585029 ; 0.4145
16019.5 ; 90 ; 0.41 ; 0.2577961 ; 0.2584414 ; 0.4150
16034.9 ; 91 ; 0.40 ; 0.2577370 ; 0.2583934 ; 0.4144
16050.4 ; 92 ; 0.43 ; 0.2576923 ; 0.2583382 ; 0.4135
16065.9 ; 93 ; 0.34 ; 0.2576569 ; 0.2583087 ; 0.4150
16081.2 ; 94 ; 0.36 ; 0.2576219 ; 0.2582604 ; 0.4153
16096.5 ; 95 ; 0.50 ; 0.2575661 ; 0.2582052 ; 0.4156
16112.1 ; 96 ; 0.42 ; 0.2575375 ; 0.2581812 ; 0.4176
16127.5 ; 97 ; 0.36 ; 0.2575095 ; 0.2581676 ; 0.4164
16143.0 ; 98 ; 0.45 ; 0.2574589 ; 0.2581118 ; 0.4166
16158.3 ; 99 ; 0.44 ; 0.2574582 ; 0.2581070 ; 0.4162
16187.0 ; 1 ; 0.45 ; 0.2573397 ; 0.2579890 ; 0.4170
16202.7 ; 2 ; 0.35 ; 0.2573103 ; 0.2579851 ; 0.4162
16218.2 ; 3 ; 0.43 ; 0.2572951 ; 0.2579717 ; 0.4166
16233.8 ; 4 ; 0.36 ; 0.2572391 ; 0.2579098 ; 0.4168
16249.2 ; 5 ; 0.41 ; 0.2571920 ; 0.2578609 ; 0.4161
16264.6 ; 6 ; 0.29 ; 0.2571823 ; 0.2578647 ; 0.4168
16279.9 ; 7 ; 0.35 ; 0.2571448 ; 0.2578217 ; 0.4157
16295.8 ; 8 ; 0.42 ; 0.2571090 ; 0.2577878 ; 0.4167
16311.5 ; 9 ; 0.41 ; 0.2570832 ; 0.2577665 ; 0.4167
16327.3 ; 10 ; 0.37 ; 0.2570618 ; 0.2577435 ; 0.4173
16343.0 ; 11 ; 0.31 ; 0.2570257 ; 0.2577069 ; 0.4168
16358.6 ; 12 ; 0.34 ; 0.2569567 ; 0.2576447 ; 0.4166
16374.2 ; 13 ; 0.46 ; 0.2569387 ; 0.2576271 ; 0.4174
16389.5 ; 14 ; 0.43 ; 0.2569184 ; 0.2576029 ; 0.4168
16404.6 ; 15 ; 0.50 ; 0.2568666 ; 0.2575499 ; 0.4166
16420.0 ; 16 ; 0.38 ; 0.2568567 ; 0.2575325 ; 0.4170
16435.0 ; 17 ; 0.43 ; 0.2568198 ; 0.2575031 ; 0.4175
16450.6 ; 18 ; 0.41 ; 0.2567924 ; 0.2574878 ; 0.4166
16466.0 ; 19 ; 0.41 ; 0.2567951 ; 0.2574952 ; 0.4172
16481.6 ; 20 ; 0.33 ; 0.2566903 ; 0.2573885 ; 0.4184
16497.0 ; 21 ; 0.35 ; 0.2567095 ; 0.2574028 ; 0.4190
16512.5 ; 22 ; 0.43 ; 0.2566687 ; 0.2573763 ; 0.4180
16528.1 ; 23 ; 0.28 ; 0.2566278 ; 0.2573301 ; 0.4172
16543.4 ; 24 ; 0.39 ; 0.2566060 ; 0.2572977 ; 0.4182
16558.9 ; 25 ; 0.33 ; 0.2565848 ; 0.2572734 ; 0.4182
16574.1 ; 26 ; 0.45 ; 0.2565743 ; 0.2572805 ; 0.4171
16589.5 ; 27 ; 0.42 ; 0.2565265 ; 0.2572400 ; 0.4176
16605.1 ; 28 ; 0.43 ; 0.2564830 ; 0.2572043 ; 0.4180
16620.2 ; 29 ; 0.34 ; 0.2564977 ; 0.2572140 ; 0.4172
16635.6 ; 30 ; 0.42 ; 0.2564352 ; 0.2571448 ; 0.4180
16650.9 ; 31 ; 0.40 ; 0.2563966 ; 0.2570994 ; 0.4174
16666.5 ; 32 ; 0.37 ; 0.2563608 ; 0.2570652 ; 0.4176
16681.8 ; 33 ; 0.45 ; 0.2562950 ; 0.2569980 ; 0.4175
16697.3 ; 34 ; 0.47 ; 0.2562830 ; 0.2569765 ; 0.4178
16713.0 ; 35 ; 0.44 ; 0.2562386 ; 0.2569304 ; 0.4186
16728.6 ; 36 ; 0.40 ; 0.2562273 ; 0.2569290 ; 0.4179
16744.2 ; 37 ; 0.37 ; 0.2561657 ; 0.2568658 ; 0.4182
16759.6 ; 38 ; 0.35 ; 0.2561228 ; 0.2568205 ; 0.4169
16775.1 ; 39 ; 0.37 ; 0.2560791 ; 0.2567823 ; 0.4170
16790.5 ; 40 ; 0.43 ; 0.2560479 ; 0.2567529 ; 0.4163
16805.7 ; 41 ; 0.34 ; 0.2560408 ; 0.2567461 ; 0.4171
16821.1 ; 42 ; 0.38 ; 0.2560062 ; 0.2566902 ; 0.4170
16837.0 ; 43 ; 0.40 ; 0.2559490 ; 0.2566318 ; 0.4184
16852.4 ; 44 ; 0.34 ; 0.2559305 ; 0.2566276 ; 0.4188
16867.8 ; 45 ; 0.38 ; 0.2558978 ; 0.2565943 ; 0.4180
16883.2 ; 46 ; 0.40 ; 0.2558701 ; 0.2565689 ; 0.4182
16898.3 ; 47 ; 0.54 ; 0.2558132 ; 0.2565200 ; 0.4176
16913.6 ; 48 ; 0.46 ; 0.2558130 ; 0.2565226 ; 0.4167
16928.9 ; 49 ; 0.32 ; 0.2557504 ; 0.2564543 ; 0.4178
16944.5 ; 50 ; 0.32 ; 0.2557102 ; 0.2564137 ; 0.4189
16959.9 ; 51 ; 0.38 ; 0.2557190 ; 0.2564304 ; 0.4192
16975.4 ; 52 ; 0.33 ; 0.2556352 ; 0.2563517 ; 0.4190
16990.8 ; 53 ; 0.39 ; 0.2556195 ; 0.2563321 ; 0.4194
17006.3 ; 54 ; 0.38 ; 0.2555517 ; 0.2562566 ; 0.4188
17021.8 ; 55 ; 0.29 ; 0.2555577 ; 0.2562630 ; 0.4179
17037.3 ; 56 ; 0.44 ; 0.2555150 ; 0.2562123 ; 0.4184
17052.7 ; 57 ; 0.42 ; 0.2554547 ; 0.2561711 ; 0.4183
17068.0 ; 58 ; 0.37 ; 0.2554587 ; 0.2561648 ; 0.4188
17083.2 ; 59 ; 0.47 ; 0.2553725 ; 0.2560927 ; 0.4191
17098.6 ; 60 ; 0.33 ; 0.2553719 ; 0.2561056 ; 0.4188
17114.0 ; 61 ; 0.46 ; 0.2553281 ; 0.2560776 ; 0.4183
17129.2 ; 62 ; 0.35 ; 0.2553307 ; 0.2560749 ; 0.4190
17144.5 ; 63 ; 0.39 ; 0.2552770 ; 0.2560262 ; 0.4187
17159.7 ; 64 ; 0.43 ; 0.2552626 ; 0.2560268 ; 0.4188
17175.4 ; 65 ; 0.38 ; 0.2552236 ; 0.2559828 ; 0.4185
17191.3 ; 66 ; 0.35 ; 0.2552427 ; 0.2560111 ; 0.4186
17207.0 ; 67 ; 0.44 ; 0.2551573 ; 0.2559077 ; 0.4200
17222.7 ; 68 ; 0.48 ; 0.2551176 ; 0.2558739 ; 0.4193
17238.3 ; 69 ; 0.42 ; 0.2550647 ; 0.2558153 ; 0.4192
17253.7 ; 70 ; 0.35 ; 0.2550726 ; 0.2558163 ; 0.4193
17269.0 ; 71 ; 0.37 ; 0.2550484 ; 0.2558072 ; 0.4189
17284.3 ; 72 ; 0.33 ; 0.2549744 ; 0.2557340 ; 0.4199
17300.0 ; 73 ; 0.44 ; 0.2549361 ; 0.2556985 ; 0.4186
17315.7 ; 74 ; 0.30 ; 0.2549111 ; 0.2556641 ; 0.4182
17331.0 ; 75 ; 0.41 ; 0.2549410 ; 0.2556960 ; 0.4184
17346.4 ; 76 ; 0.33 ; 0.2549411 ; 0.2556830 ; 0.4188
17361.8 ; 77 ; 0.45 ; 0.2548908 ; 0.2556353 ; 0.4179
17377.1 ; 78 ; 0.46 ; 0.2548494 ; 0.2556132 ; 0.4184
17392.6 ; 79 ; 0.38 ; 0.2548146 ; 0.2555722 ; 0.4180
17408.1 ; 80 ; 0.33 ; 0.2547614 ; 0.2555067 ; 0.4184
17423.7 ; 81 ; 0.37 ; 0.2547352 ; 0.2554696 ; 0.4184
17439.2 ; 82 ; 0.41 ; 0.2546481 ; 0.2553739 ; 0.4183
17454.7 ; 83 ; 0.37 ; 0.2546587 ; 0.2553847 ; 0.4197
17470.2 ; 84 ; 0.36 ; 0.2546486 ; 0.2553738 ; 0.4197
17485.5 ; 85 ; 0.31 ; 0.2545935 ; 0.2553071 ; 0.4199
17500.8 ; 86 ; 0.43 ; 0.2545568 ; 0.2552639 ; 0.4196
17516.3 ; 87 ; 0.40 ; 0.2545113 ; 0.2552328 ; 0.4194
17531.5 ; 88 ; 0.40 ; 0.2544826 ; 0.2551993 ; 0.4204
17546.9 ; 89 ; 0.42 ; 0.2544316 ; 0.2551348 ; 0.4205
17562.2 ; 90 ; 0.43 ; 0.2544107 ; 0.2551312 ; 0.4209
17577.5 ; 91 ; 0.38 ; 0.2543947 ; 0.2551083 ; 0.4200
17593.1 ; 92 ; 0.39 ; 0.2543895 ; 0.2550880 ; 0.4196
17608.8 ; 93 ; 0.38 ; 0.2542848 ; 0.2549755 ; 0.4210
17624.5 ; 94 ; 0.44 ; 0.2542392 ; 0.2549435 ; 0.4210
17640.0 ; 95 ; 0.38 ; 0.2541719 ; 0.2548756 ; 0.4215
17655.4 ; 96 ; 0.34 ; 0.2542035 ; 0.2549072 ; 0.4212
17670.8 ; 97 ; 0.35 ; 0.2541689 ; 0.2548710 ; 0.4218
17686.6 ; 98 ; 0.39 ; 0.2540953 ; 0.2547858 ; 0.4226
17702.0 ; 99 ; 0.43 ; 0.2540695 ; 0.2547662 ; 0.4223
17731.2 ; 1 ; 0.43 ; 0.3093449 ; 0.3096873 ; 0.1242
17746.6 ; 2 ; 0.55 ; 0.3075700 ; 0.3078742 ; 0.1312
17762.0 ; 3 ; 0.51 ; 0.3059472 ; 0.3062245 ; 0.1403
17777.9 ; 4 ; 0.50 ; 0.3048315 ; 0.3050757 ; 0.1460
17793.6 ; 5 ; 0.54 ; 0.3034832 ; 0.3037049 ; 0.1568
17809.1 ; 6 ; 0.42 ; 0.3025621 ; 0.3027638 ; 0.1605
17824.5 ; 7 ; 0.48 ; 0.3015607 ; 0.3017494 ; 0.1673
17840.1 ; 8 ; 0.52 ; 0.3007384 ; 0.3009165 ; 0.1715
17855.7 ; 9 ; 0.47 ; 0.2999562 ; 0.3001138 ; 0.1768
17871.4 ; 10 ; 0.45 ; 0.2993351 ; 0.2994612 ; 0.1817
17886.7 ; 11 ; 0.55 ; 0.2987303 ; 0.2988437 ; 0.1852
17901.9 ; 12 ; 0.51 ; 0.2980497 ; 0.2981483 ; 0.1883
17917.7 ; 13 ; 0.44 ; 0.2974893 ; 0.2975729 ; 0.1914
17933.1 ; 14 ; 0.48 ; 0.2968187 ; 0.2968980 ; 0.1935
17948.3 ; 15 ; 0.48 ; 0.2963655 ; 0.2964324 ; 0.1947
17963.8 ; 16 ; 0.34 ; 0.2959670 ; 0.2960350 ; 0.1958
17979.3 ; 17 ; 0.48 ; 0.2955484 ; 0.2956017 ; 0.1985
17994.8 ; 18 ; 0.49 ; 0.2950221 ; 0.2950535 ; 0.1994
18010.1 ; 19 ; 0.38 ; 0.2946002 ; 0.2946323 ; 0.1991
18025.5 ; 20 ; 0.47 ; 0.2941554 ; 0.2941823 ; 0.2009
18041.1 ; 21 ; 0.44 ; 0.2936399 ; 0.2936570 ; 0.2030
18056.6 ; 22 ; 0.49 ; 0.2932589 ; 0.2932680 ; 0.2050
18072.1 ; 23 ; 0.51 ; 0.2927997 ; 0.2927913 ; 0.2078
18087.6 ; 24 ; 0.49 ; 0.2925301 ; 0.2925060 ; 0.2094
18103.0 ; 25 ; 0.50 ; 0.2921548 ; 0.2921211 ; 0.2115
18118.2 ; 26 ; 0.49 ; 0.2917543 ; 0.2917057 ; 0.2152
18133.6 ; 27 ; 0.62 ; 0.2913049 ; 0.2912461 ; 0.2193
18148.8 ; 28 ; 0.54 ; 0.2908752 ; 0.2908268 ; 0.2224
18164.2 ; 29 ; 0.49 ; 0.2906040 ; 0.2905323 ; 0.2249
18179.4 ; 30 ; 0.54 ; 0.2903064 ; 0.2902243 ; 0.2283
18194.6 ; 31 ; 0.53 ; 0.2899805 ; 0.2898860 ; 0.2318
18210.0 ; 32 ; 0.44 ; 0.2897037 ; 0.2896077 ; 0.2342
18225.2 ; 33 ; 0.42 ; 0.2893970 ; 0.2892938 ; 0.2369
18240.4 ; 34 ; 0.50 ; 0.2891507 ; 0.2890291 ; 0.2394
18255.8 ; 35 ; 0.55 ; 0.2888018 ; 0.2886740 ; 0.2430
18271.1 ; 36 ; 0.55 ; 0.2886128 ; 0.2884718 ; 0.2481
18286.4 ; 37 ; 0.47 ; 0.2883999 ; 0.2882436 ; 0.2519
18302.1 ; 38 ; 0.41 ; 0.2881951 ; 0.2880376 ; 0.2537
18317.6 ; 39 ; 0.50 ; 0.2879768 ; 0.2877996 ; 0.2555
18333.0 ; 40 ; 0.40 ; 0.2878250 ; 0.2876439 ; 0.2581
18348.5 ; 41 ; 0.40 ; 0.2876275 ; 0.2874582 ; 0.2624
18364.0 ; 42 ; 0.49 ; 0.2875181 ; 0.2873436 ; 0.2656
18379.2 ; 43 ; 0.50 ; 0.2872450 ; 0.2870736 ; 0.2674
18394.5 ; 44 ; 0.47 ; 0.2870979 ; 0.2869310 ; 0.2715
18410.0 ; 45 ; 0.46 ; 0.2869259 ; 0.2867422 ; 0.2727
18425.6 ; 46 ; 0.50 ; 0.2867104 ; 0.2865201 ; 0.2756
18441.9 ; 47 ; 0.43 ; 0.2865370 ; 0.2863443 ; 0.2777
18457.6 ; 48 ; 0.39 ; 0.2864471 ; 0.2862505 ; 0.2792
18473.4 ; 49 ; 0.49 ; 0.2862861 ; 0.2860791 ; 0.2822
18488.7 ; 50 ; 0.49 ; 0.2860882 ; 0.2858783 ; 0.2847
18504.2 ; 51 ; 0.44 ; 0.2858987 ; 0.2856858 ; 0.2881
18519.6 ; 52 ; 0.45 ; 0.2857274 ; 0.2855087 ; 0.2905
18534.7 ; 53 ; 0.45 ; 0.2855541 ; 0.2853427 ; 0.2912
18549.9 ; 54 ; 0.48 ; 0.2853766 ; 0.2851795 ; 0.2937
18565.2 ; 55 ; 0.52 ; 0.2852597 ; 0.2850565 ; 0.2954
18580.6 ; 56 ; 0.49 ; 0.2850593 ; 0.2848539 ; 0.2998
18596.2 ; 57 ; 0.51 ; 0.2849385 ; 0.2847236 ; 0.3036
18611.5 ; 58 ; 0.47 ; 0.2847527 ; 0.2845306 ; 0.3077
18627.1 ; 59 ; 0.53 ; 0.2846016 ; 0.2843809 ; 0.3084
18642.4 ; 60 ; 0.45 ; 0.2844201 ; 0.2841895 ; 0.3090
18657.7 ; 61 ; 0.49 ; 0.2842102 ; 0.2839696 ; 0.3104
18673.3 ; 62 ; 0.46 ; 0.2840806 ; 0.2838429 ; 0.3140
18689.2 ; 63 ; 0.51 ; 0.2839238 ; 0.2836821 ; 0.3174
18704.9 ; 64 ; 0.42 ; 0.2838448 ; 0.2836094 ; 0.3166
18720.3 ; 65 ; 0.47 ; 0.2837022 ; 0.2834669 ; 0.3179
18735.9 ; 66 ; 0.47 ; 0.2835840 ; 0.2833467 ; 0.3190
18751.8 ; 67 ; 0.42 ; 0.2834530 ; 0.2832132 ; 0.3173
18767.7 ; 68 ; 0.48 ; 0.2833347 ; 0.2831018 ; 0.3180
18783.2 ; 69 ; 0.45 ; 0.2831959 ; 0.2829603 ; 0.3179
18798.9 ; 70 ; 0.45 ; 0.2830702 ; 0.2828271 ; 0.3213
18814.3 ; 71 ; 0.46 ; 0.2829530 ; 0.2827104 ; 0.3232
18829.7 ; 72 ; 0.42 ; 0.2828566 ; 0.2826056 ; 0.3250
18845.1 ; 73 ; 0.44 ; 0.2827655 ; 0.2825211 ; 0.3248
18861.1 ; 74 ; 0.41 ; 0.2826428 ; 0.2824060 ; 0.3268
18877.1 ; 75 ; 0.43 ; 0.2825517 ; 0.2823009 ; 0.3271
18892.8 ; 76 ; 0.56 ; 0.2824662 ; 0.2822175 ; 0.3280
18908.5 ; 77 ; 0.50 ; 0.2823398 ; 0.2820976 ; 0.3307
18924.2 ; 78 ; 0.52 ; 0.2822349 ; 0.2820020 ; 0.3305
18939.6 ; 79 ; 0.52 ; 0.2820734 ; 0.2818299 ; 0.3309
18955.1 ; 80 ; 0.43 ; 0.2819808 ; 0.2817291 ; 0.3340
18970.5 ; 81 ; 0.53 ; 0.2818884 ; 0.2816338 ; 0.3352
18986.1 ; 82 ; 0.50 ; 0.2817857 ; 0.2815472 ; 0.3343
19001.5 ; 83 ; 0.43 ; 0.2817013 ; 0.2814604 ; 0.3362
19017.3 ; 84 ; 0.49 ; 0.2816203 ; 0.2813795 ; 0.3371
19033.0 ; 85 ; 0.48 ; 0.2815063 ; 0.2812946 ; 0.3372
19048.5 ; 86 ; 0.46 ; 0.2814002 ; 0.2811821 ; 0.3395
19064.1 ; 87 ; 0.36 ; 0.2813013 ; 0.2810815 ; 0.3420
19079.4 ; 88 ; 0.47 ; 0.2812393 ; 0.2810084 ; 0.3417
19095.0 ; 89 ; 0.38 ; 0.2811618 ; 0.2809224 ; 0.3403
19110.7 ; 90 ; 0.41 ; 0.2810357 ; 0.2807973 ; 0.3428
19126.7 ; 91 ; 0.38 ; 0.2809725 ; 0.2807341 ; 0.3441
19142.3 ; 92 ; 0.42 ; 0.2808401 ; 0.2806093 ; 0.3433
19157.8 ; 93 ; 0.51 ; 0.2807219 ; 0.2804953 ; 0.3438
19173.5 ; 94 ; 0.47 ; 0.2806382 ; 0.2804171 ; 0.3448
19189.0 ; 95 ; 0.45 ; 0.2805638 ; 0.2803512 ; 0.3447
19204.6 ; 96 ; 0.53 ; 0.2804866 ; 0.2802733 ; 0.3444
19219.6 ; 97 ; 0.47 ; 0.2804089 ; 0.2801949 ; 0.3441
19235.3 ; 98 ; 0.42 ; 0.2803219 ; 0.2801204 ; 0.3427
19250.8 ; 99 ; 0.53 ; 0.2801663 ; 0.2799671 ; 0.3441
19266.3 ; 100 ; 0.58 ; 0.2800896 ; 0.2798880 ; 0.3443
19282.1 ; 101 ; 0.48 ; 0.2799832 ; 0.2797811 ; 0.3422
19297.5 ; 102 ; 0.42 ; 0.2799204 ; 0.2797148 ; 0.3425
19312.6 ; 103 ; 0.51 ; 0.2798342 ; 0.2796496 ; 0.3442
19327.7 ; 104 ; 0.41 ; 0.2797296 ; 0.2795466 ; 0.3447
19343.1 ; 105 ; 0.57 ; 0.2796732 ; 0.2794938 ; 0.3453
19358.8 ; 106 ; 0.55 ; 0.2795861 ; 0.2794170 ; 0.3427
19374.8 ; 107 ; 0.40 ; 0.2794191 ; 0.2792519 ; 0.3442
19390.6 ; 108 ; 0.38 ; 0.2793905 ; 0.2792416 ; 0.3444
19406.4 ; 109 ; 0.50 ; 0.2792552 ; 0.2790940 ; 0.3429
19421.9 ; 110 ; 0.51 ; 0.2791227 ; 0.2789718 ; 0.3429
19437.6 ; 111 ; 0.42 ; 0.2790771 ; 0.2789488 ; 0.3439
19453.2 ; 112 ; 0.43 ; 0.2789751 ; 0.2788510 ; 0.3432
19468.7 ; 113 ; 0.44 ; 0.2789149 ; 0.2787946 ; 0.3443
19484.3 ; 114 ; 0.41 ; 0.2788433 ; 0.2787319 ; 0.3447
19499.8 ; 115 ; 0.54 ; 0.2787403 ; 0.2786337 ; 0.3454
19515.3 ; 116 ; 0.58 ; 0.2786184 ; 0.2785047 ; 0.3452
19530.6 ; 117 ; 0.46 ; 0.2785235 ; 0.2784269 ; 0.3460
19546.1 ; 118 ; 0.40 ; 0.2784844 ; 0.2783892 ; 0.3470
19561.8 ; 119 ; 0.48 ; 0.2783953 ; 0.2783118 ; 0.3454
19577.5 ; 120 ; 0.51 ; 0.2783242 ; 0.2782294 ; 0.3451
19593.0 ; 121 ; 0.40 ; 0.2782486 ; 0.2781578 ; 0.3453
19608.7 ; 122 ; 0.42 ; 0.2781363 ; 0.2780481 ; 0.3454
19624.5 ; 123 ; 0.50 ; 0.2780377 ; 0.2779652 ; 0.3454
19639.8 ; 124 ; 0.40 ; 0.2779558 ; 0.2778854 ; 0.3457
19655.3 ; 125 ; 0.43 ; 0.2779105 ; 0.2778406 ; 0.3472
19670.6 ; 126 ; 0.45 ; 0.2778113 ; 0.2777545 ; 0.3473
19686.2 ; 127 ; 0.49 ; 0.2777104 ; 0.2776562 ; 0.3462
19701.8 ; 128 ; 0.40 ; 0.2776388 ; 0.2775859 ; 0.3466
19717.4 ; 129 ; 0.45 ; 0.2775843 ; 0.2775201 ; 0.3459
19733.0 ; 130 ; 0.46 ; 0.2775844 ; 0.2775108 ; 0.3455
19748.5 ; 131 ; 0.44 ; 0.2774891 ; 0.2774281 ; 0.3440
19763.9 ; 132 ; 0.50 ; 0.2773880 ; 0.2773399 ; 0.3430
19779.3 ; 133 ; 0.42 ; 0.2773700 ; 0.2773200 ; 0.3443
19795.0 ; 134 ; 0.47 ; 0.2772467 ; 0.2771979 ; 0.3465
19810.9 ; 135 ; 0.47 ; 0.2771017 ; 0.2770569 ; 0.3481
19826.6 ; 136 ; 0.53 ; 0.2770581 ; 0.2770123 ; 0.3454
19842.2 ; 137 ; 0.43 ; 0.2769898 ; 0.2769384 ; 0.3466
19858.2 ; 138 ; 0.42 ; 0.2769584 ; 0.2768894 ; 0.3431
19874.0 ; 139 ; 0.42 ; 0.2768968 ; 0.2768416 ; 0.3436
19889.7 ; 140 ; 0.43 ; 0.2767907 ; 0.2767428 ; 0.3443
19905.0 ; 141 ; 0.41 ; 0.2767755 ; 0.2767299 ; 0.3451
19920.6 ; 142 ; 0.39 ; 0.2766674 ; 0.2766349 ; 0.3458
19936.5 ; 143 ; 0.41 ; 0.2765779 ; 0.2765333 ; 0.3448
19951.9 ; 144 ; 0.44 ; 0.2764862 ; 0.2764384 ; 0.3453
19967.1 ; 145 ; 0.52 ; 0.2763328 ; 0.2762861 ; 0.3468
19982.6 ; 146 ; 0.41 ; 0.2762826 ; 0.2762593 ; 0.3452
19998.1 ; 147 ; 0.47 ; 0.2762211 ; 0.2761895 ; 0.3462
20013.6 ; 148 ; 0.41 ; 0.2761498 ; 0.2761321 ; 0.3451
20029.1 ; 149 ; 0.52 ; 0.2760586 ; 0.2760430 ; 0.3449
20044.7 ; 150 ; 0.48 ; 0.2759972 ; 0.2759814 ; 0.3446
20060.3 ; 151 ; 0.44 ; 0.2759280 ; 0.2759064 ; 0.3449
20076.1 ; 152 ; 0.45 ; 0.2758848 ; 0.2758633 ; 0.3451
20091.7 ; 153 ; 0.47 ; 0.2758055 ; 0.2757830 ; 0.3461
20107.3 ; 154 ; 0.49 ; 0.2757002 ; 0.2757078 ; 0.3451
20122.9 ; 155 ; 0.39 ; 0.2755899 ; 0.2755927 ; 0.3454
20138.5 ; 156 ; 0.41 ; 0.2755449 ; 0.2755472 ; 0.3473
20154.5 ; 157 ; 0.43 ; 0.2755019 ; 0.2755023 ; 0.3476
20170.6 ; 158 ; 0.41 ; 0.2754194 ; 0.2754228 ; 0.3464
20186.1 ; 159 ; 0.47 ; 0.2753239 ; 0.2753402 ; 0.3466
20201.7 ; 160 ; 0.48 ; 0.2752826 ; 0.2752966 ; 0.3470
20217.3 ; 161 ; 0.44 ; 0.2751851 ; 0.2752046 ; 0.3460
20232.7 ; 162 ; 0.43 ; 0.2750994 ; 0.2751251 ; 0.3472
20248.0 ; 163 ; 0.41 ; 0.2750621 ; 0.2750852 ; 0.3462
20263.1 ; 164 ; 0.44 ; 0.2749827 ; 0.2750159 ; 0.3447
20278.6 ; 165 ; 0.43 ; 0.2749266 ; 0.2749698 ; 0.3452
20293.6 ; 166 ; 0.42 ; 0.2748632 ; 0.2749150 ; 0.3459
20309.0 ; 167 ; 0.45 ; 0.2747487 ; 0.2748081 ; 0.3458
20324.0 ; 168 ; 0.36 ; 0.2747247 ; 0.2747882 ; 0.3450
20339.3 ; 169 ; 0.44 ; 0.2746017 ; 0.2746597 ; 0.3452
20354.4 ; 170 ; 0.43 ; 0.2745298 ; 0.2745725 ; 0.3461
20369.6 ; 171 ; 0.40 ; 0.2744478 ; 0.2744985 ; 0.3459
20384.9 ; 172 ; 0.48 ; 0.2743289 ; 0.2743950 ; 0.3440
20400.1 ; 173 ; 0.51 ; 0.2742806 ; 0.2743431 ; 0.3462
20415.6 ; 174 ; 0.45 ; 0.2741962 ; 0.2742618 ; 0.3464
20430.9 ; 175 ; 0.39 ; 0.2740992 ; 0.2741628 ; 0.3435
20446.8 ; 176 ; 0.55 ; 0.2740346 ; 0.2741021 ; 0.3473
20462.4 ; 177 ; 0.56 ; 0.2739343 ; 0.2740085 ; 0.3470
20477.9 ; 178 ; 0.42 ; 0.2738446 ; 0.2739168 ; 0.3478
20493.2 ; 179 ; 0.44 ; 0.2738099 ; 0.2738846 ; 0.3461
20508.8 ; 180 ; 0.30 ; 0.2737430 ; 0.2738241 ; 0.3478
20524.4 ; 181 ; 0.49 ; 0.2737041 ; 0.2737899 ; 0.3481
20539.7 ; 182 ; 0.42 ; 0.2736480 ; 0.2737390 ; 0.3464
20555.0 ; 183 ; 0.36 ; 0.2735450 ; 0.2736400 ; 0.3480
20570.3 ; 184 ; 0.43 ; 0.2734944 ; 0.2735930 ; 0.3475
20585.7 ; 185 ; 0.52 ; 0.2733731 ; 0.2734833 ; 0.3480
20601.4 ; 186 ; 0.32 ; 0.2733090 ; 0.2734108 ; 0.3463
20617.2 ; 187 ; 0.40 ; 0.2732379 ; 0.2733371 ; 0.3475
20632.8 ; 188 ; 0.45 ; 0.2731408 ; 0.2732327 ; 0.3474
20648.2 ; 189 ; 0.41 ; 0.2731310 ; 0.2732264 ; 0.3476
20663.6 ; 190 ; 0.54 ; 0.2730199 ; 0.2731156 ; 0.3488
20679.1 ; 191 ; 0.51 ; 0.2729173 ; 0.2730196 ; 0.3465
20695.2 ; 192 ; 0.54 ; 0.2728065 ; 0.2729355 ; 0.3466
20711.0 ; 193 ; 0.41 ; 0.2727436 ; 0.2728611 ; 0.3461
20726.7 ; 194 ; 0.45 ; 0.2726871 ; 0.2728213 ; 0.3467
20742.6 ; 195 ; 0.35 ; 0.2726678 ; 0.2727993 ; 0.3467
20758.1 ; 196 ; 0.53 ; 0.2725837 ; 0.2727244 ; 0.3471
20773.8 ; 197 ; 0.33 ; 0.2725153 ; 0.2726646 ; 0.3484
20789.5 ; 198 ; 0.41 ; 0.2724850 ; 0.2726367 ; 0.3468
20804.7 ; 199 ; 0.44 ; 0.2723376 ; 0.2724990 ; 0.3478
20833.4 ; 201 ; 0.38 ; 0.2722288 ; 0.2723945 ; 0.3481
20848.7 ; 202 ; 0.43 ; 0.2721922 ; 0.2723557 ; 0.3481
20864.5 ; 203 ; 0.43 ; 0.2721055 ; 0.2722772 ; 0.3498
20880.3 ; 204 ; 0.47 ; 0.2720028 ; 0.2721902 ; 0.3493
20896.0 ; 205 ; 0.43 ; 0.2719701 ; 0.2721504 ; 0.3495
20911.5 ; 206 ; 0.38 ; 0.2718758 ; 0.2720717 ; 0.3491
20927.0 ; 207 ; 0.49 ; 0.2718231 ; 0.2720263 ; 0.3497
20942.3 ; 208 ; 0.42 ; 0.2717279 ; 0.2719326 ; 0.3486
20958.0 ; 209 ; 0.37 ; 0.2716630 ; 0.2718663 ; 0.3496
20973.7 ; 210 ; 0.45 ; 0.2716239 ; 0.2718335 ; 0.3502
20989.4 ; 211 ; 0.35 ; 0.2715618 ; 0.2717710 ; 0.3489
21004.8 ; 212 ; 0.52 ; 0.2715058 ; 0.2717023 ; 0.3518
21020.3 ; 213 ; 0.40 ; 0.2713453 ; 0.2715555 ; 0.3518
21036.1 ; 214 ; 0.50 ; 0.2713116 ; 0.2715143 ; 0.3519
21051.7 ; 215 ; 0.41 ; 0.2712427 ; 0.2714670 ; 0.3519
21067.0 ; 216 ; 0.51 ; 0.2711096 ; 0.2713362 ; 0.3512
21082.8 ; 217 ; 0.36 ; 0.2710355 ; 0.2712661 ; 0.3507
21098.4 ; 218 ; 0.51 ; 0.2709546 ; 0.2711936 ; 0.3506
21114.0 ; 219 ; 0.44 ; 0.2709016 ; 0.2711425 ; 0.3519
21129.2 ; 220 ; 0.50 ; 0.2708413 ; 0.2710933 ; 0.3536
21144.5 ; 221 ; 0.40 ; 0.2707911 ; 0.2710601 ; 0.3536
21160.0 ; 222 ; 0.43 ; 0.2707107 ; 0.2709620 ; 0.3538
21175.3 ; 223 ; 0.42 ; 0.2706521 ; 0.2709307 ; 0.3526
21190.7 ; 224 ; 0.38 ; 0.2706281 ; 0.2709014 ; 0.3526
21206.1 ; 225 ; 0.41 ; 0.2705136 ; 0.2708009 ; 0.3541
21221.5 ; 226 ; 0.48 ; 0.2704054 ; 0.2706856 ; 0.3553
21237.0 ; 227 ; 0.39 ; 0.2703521 ; 0.2706428 ; 0.3538
21252.2 ; 228 ; 0.47 ; 0.2703173 ; 0.2706198 ; 0.3524
21267.4 ; 229 ; 0.45 ; 0.2702831 ; 0.2705789 ; 0.3529
21282.8 ; 230 ; 0.35 ; 0.2701883 ; 0.2704834 ; 0.3540
21297.8 ; 231 ; 0.33 ; 0.2701988 ; 0.2704932 ; 0.3531
21313.2 ; 232 ; 0.46 ; 0.2701527 ; 0.2704449 ; 0.3547
21328.6 ; 233 ; 0.41 ; 0.2700079 ; 0.2703203 ; 0.3561
21344.2 ; 234 ; 0.37 ; 0.2699133 ; 0.2702234 ; 0.3544
21360.0 ; 235 ; 0.43 ; 0.2698973 ; 0.2701923 ; 0.3559
21375.5 ; 236 ; 0.43 ; 0.2697939 ; 0.2701110 ; 0.3510
21391.1 ; 237 ; 0.33 ; 0.2698078 ; 0.2701222 ; 0.3536
21407.0 ; 238 ; 0.41 ; 0.2696761 ; 0.2699813 ; 0.3531
21422.8 ; 239 ; 0.50 ; 0.2695919 ; 0.2699172 ; 0.3551
21438.6 ; 240 ; 0.34 ; 0.2695749 ; 0.2699047 ; 0.3543
21454.2 ; 241 ; 0.35 ; 0.2695121 ; 0.2698483 ; 0.3550
21469.7 ; 242 ; 0.47 ; 0.2694729 ; 0.2698165 ; 0.3550
21485.8 ; 243 ; 0.49 ; 0.2693446 ; 0.2696967 ; 0.3563
21501.6 ; 244 ; 0.45 ; 0.2692703 ; 0.2696274 ; 0.3554
21517.0 ; 245 ; 0.47 ; 0.2692436 ; 0.2696061 ; 0.3539
21532.3 ; 246 ; 0.45 ; 0.2691317 ; 0.2694958 ; 0.3536
21547.9 ; 247 ; 0.49 ; 0.2689960 ; 0.2693565 ; 0.3557
21563.8 ; 248 ; 0.48 ; 0.2689433 ; 0.2693129 ; 0.3533
21579.7 ; 249 ; 0.47 ; 0.2688663 ; 0.2692240 ; 0.3533
21595.4 ; 250 ; 0.40 ; 0.2687995 ; 0.2691630 ; 0.3529
21610.8 ; 251 ; 0.40 ; 0.2687443 ; 0.2691143 ; 0.3524
21626.2 ; 252 ; 0.42 ; 0.2686840 ; 0.2690440 ; 0.3534
21641.6 ; 253 ; 0.42 ; 0.2686203 ; 0.2689872 ; 0.3515
21657.0 ; 254 ; 0.38 ; 0.2686087 ; 0.2689927 ; 0.3512
21672.1 ; 255 ; 0.46 ; 0.2685054 ; 0.2688814 ; 0.3532
21687.4 ; 256 ; 0.48 ; 0.2684082 ; 0.2687981 ; 0.3544
21702.5 ; 257 ; 0.32 ; 0.2683805 ; 0.2687654 ; 0.3551
21718.0 ; 258 ; 0.40 ; 0.2683210 ; 0.2686949 ; 0.3562
21733.9 ; 259 ; 0.28 ; 0.2682665 ; 0.2686334 ; 0.3565
21749.4 ; 260 ; 0.37 ; 0.2682196 ; 0.2686143 ; 0.3547
21764.9 ; 261 ; 0.45 ; 0.2681517 ; 0.2685699 ; 0.3517
21780.4 ; 262 ; 0.45 ; 0.2680880 ; 0.2684831 ; 0.3525
21796.2 ; 263 ; 0.39 ; 0.2680077 ; 0.2684025 ; 0.3549
21811.6 ; 264 ; 0.48 ; 0.2679519 ; 0.2683554 ; 0.3548
21827.2 ; 265 ; 0.44 ; 0.2678165 ; 0.2682535 ; 0.3564
21842.5 ; 266 ; 0.37 ; 0.2677465 ; 0.2681850 ; 0.3551
21857.7 ; 267 ; 0.41 ; 0.2677243 ; 0.2681507 ; 0.3559
21873.3 ; 268 ; 0.36 ; 0.2677118 ; 0.2681477 ; 0.3547
21889.0 ; 269 ; 0.41 ; 0.2676000 ; 0.2680300 ; 0.3565
21904.9 ; 270 ; 0.45 ; 0.2675483 ; 0.2679882 ; 0.3555
21920.6 ; 271 ; 0.38 ; 0.2675387 ; 0.2679774 ; 0.3535
21936.5 ; 272 ; 0.46 ; 0.2673995 ; 0.2678355 ; 0.3569
21952.2 ; 273 ; 0.33 ; 0.2674196 ; 0.2678626 ; 0.3553
21967.4 ; 274 ; 0.43 ; 0.2673554 ; 0.2678122 ; 0.3563
21983.0 ; 275 ; 0.39 ; 0.2672767 ; 0.2677450 ; 0.3569
21998.3 ; 276 ; 0.44 ; 0.2672109 ; 0.2676608 ; 0.3577
22013.7 ; 277 ; 0.41 ; 0.2671937 ; 0.2676624 ; 0.3552
22029.8 ; 278 ; 0.35 ; 0.2671337 ; 0.2676022 ; 0.3551
22045.2 ; 279 ; 0.36 ; 0.2671079 ; 0.2675675 ; 0.3565
22060.6 ; 280 ; 0.49 ; 0.2669882 ; 0.2674642 ; 0.3569
22075.9 ; 281 ; 0.37 ; 0.2669532 ; 0.2674298 ; 0.3562
22091.8 ; 282 ; 0.42 ; 0.2669106 ; 0.2673965 ; 0.3564
22107.5 ; 283 ; 0.28 ; 0.2668793 ; 0.2673697 ; 0.3576
22123.1 ; 284 ; 0.42 ; 0.2668416 ; 0.2673347 ; 0.3565
22138.4 ; 285 ; 0.46 ; 0.2667645 ; 0.2672364 ; 0.3580
22153.8 ; 286 ; 0.38 ; 0.2666733 ; 0.2671645 ; 0.3572
22169.4 ; 287 ; 0.43 ; 0.2666396 ; 0.2671265 ; 0.3576
22184.9 ; 288 ; 0.43 ; 0.2665791 ; 0.2670765 ; 0.3590
22200.6 ; 289 ; 0.36 ; 0.2665236 ; 0.2670344 ; 0.3581
22216.6 ; 290 ; 0.46 ; 0.2664605 ; 0.2669518 ; 0.3570
22232.7 ; 291 ; 0.44 ; 0.2663980 ; 0.2669062 ; 0.3576
22248.3 ; 292 ; 0.49 ; 0.2663409 ; 0.2668449 ; 0.3592
22263.8 ; 293 ; 0.42 ; 0.2662921 ; 0.2667801 ; 0.3591
22279.1 ; 294 ; 0.46 ; 0.2662434 ; 0.2667546 ; 0.3581
22294.6 ; 295 ; 0.38 ; 0.2661671 ; 0.2666772 ; 0.3587
22309.8 ; 296 ; 0.50 ; 0.2661013 ; 0.2666255 ; 0.3594
22325.3 ; 297 ; 0.41 ; 0.2659865 ; 0.2665125 ; 0.3602
22340.9 ; 298 ; 0.42 ; 0.2659274 ; 0.2664370 ; 0.3609
22356.6 ; 299 ; 0.38 ; 0.2658816 ; 0.2664052 ; 0.3604
22385.4 ; 1 ; 0.39 ; 0.2657695 ; 0.2663235 ; 0.3594
22400.9 ; 2 ; 0.39 ; 0.2657464 ; 0.2662996 ; 0.3583
22416.4 ; 3 ; 0.40 ; 0.2656912 ; 0.2662379 ; 0.3593
22431.9 ; 4 ; 0.41 ; 0.2656019 ; 0.2661308 ; 0.3606
22447.2 ; 5 ; 0.43 ; 0.2655683 ; 0.2661032 ; 0.3589
22462.5 ; 6 ; 0.48 ; 0.2655060 ; 0.2660588 ; 0.3605
22477.9 ; 7 ; 0.36 ; 0.2654625 ; 0.2660118 ; 0.3595
22493.3 ; 8 ; 0.42 ; 0.2653671 ; 0.2659189 ; 0.3598
22508.9 ; 9 ; 0.43 ; 0.2652828 ; 0.2658419 ; 0.3606
22524.5 ; 10 ; 0.34 ; 0.2652329 ; 0.2657884 ; 0.3599
22540.1 ; 11 ; 0.36 ; 0.2652097 ; 0.2657947 ; 0.3601
22555.8 ; 12 ; 0.45 ; 0.2651110 ; 0.2656816 ; 0.3595
22571.2 ; 13 ; 0.33 ; 0.2650669 ; 0.2656415 ; 0.3594
22586.5 ; 14 ; 0.39 ; 0.2649865 ; 0.2655887 ; 0.3590
22601.8 ; 15 ; 0.35 ; 0.2649519 ; 0.2655416 ; 0.3598
22617.4 ; 16 ; 0.39 ; 0.2649050 ; 0.2654942 ; 0.3598
22632.8 ; 17 ; 0.37 ; 0.2649270 ; 0.2655144 ; 0.3584
22648.1 ; 18 ; 0.37 ; 0.2648365 ; 0.2654434 ; 0.3588
22663.6 ; 19 ; 0.44 ; 0.2647660 ; 0.2653872 ; 0.3587
22679.0 ; 20 ; 0.31 ; 0.2646965 ; 0.2653268 ; 0.3583
22694.4 ; 21 ; 0.38 ; 0.2646546 ; 0.2652923 ; 0.3578
22710.2 ; 22 ; 0.40 ; 0.2645529 ; 0.2651859 ; 0.3576
22726.0 ; 23 ; 0.45 ; 0.2645163 ; 0.2651497 ; 0.3591
22741.7 ; 24 ; 0.37 ; 0.2644866 ; 0.2651415 ; 0.3589
22757.1 ; 25 ; 0.38 ; 0.2644174 ; 0.2650789 ; 0.3605
22772.4 ; 26 ; 0.49 ; 0.2643414 ; 0.2650104 ; 0.3601
22787.8 ; 27 ; 0.39 ; 0.2643098 ; 0.2649728 ; 0.3602
22803.0 ; 28 ; 0.38 ; 0.2642666 ; 0.2649350 ; 0.3600
22818.2 ; 29 ; 0.45 ; 0.2641467 ; 0.2648164 ; 0.3610
22834.2 ; 30 ; 0.35 ; 0.2641042 ; 0.2647738 ; 0.3617
22849.9 ; 31 ; 0.29 ; 0.2640758 ; 0.2647604 ; 0.3618
22865.5 ; 32 ; 0.37 ; 0.2640610 ; 0.2647503 ; 0.3599
22881.2 ; 33 ; 0.35 ; 0.2639910 ; 0.2647084 ; 0.3605
22896.9 ; 34 ; 0.45 ; 0.2638987 ; 0.2646005 ; 0.3611
22912.3 ; 35 ; 0.36 ; 0.2638740 ; 0.2645696 ; 0.3613
22928.0 ; 36 ; 0.43 ; 0.2638090 ; 0.2645091 ; 0.3608
22943.5 ; 37 ; 0.42 ; 0.2637557 ; 0.2644589 ; 0.3612
22959.1 ; 38 ; 0.43 ; 0.2637122 ; 0.2644230 ; 0.3616
22974.6 ; 39 ; 0.55 ; 0.2636192 ; 0.2643338 ; 0.3616
22990.2 ; 40 ; 0.42 ; 0.2635277 ; 0.2642515 ; 0.3617
23005.5 ; 41 ; 0.36 ; 0.2634606 ; 0.2641838 ; 0.3607
23020.9 ; 42 ; 0.30 ; 0.2634306 ; 0.2641713 ; 0.3596
23036.3 ; 43 ; 0.42 ; 0.2633886 ; 0.2641088 ; 0.3596
23051.7 ; 44 ; 0.40 ; 0.2632997 ; 0.2640106 ; 0.3601
23067.2 ; 45 ; 0.42 ; 0.2632398 ; 0.2639613 ; 0.3611
23082.8 ; 46 ; 0.39 ; 0.2631500 ; 0.2638879 ; 0.3602
23098.6 ; 47 ; 0.41 ; 0.2630808 ; 0.2638225 ; 0.3600
23114.4 ; 48 ; 0.38 ; 0.2630678 ; 0.2638262 ; 0.3595
23130.2 ; 49 ; 0.34 ; 0.2630540 ; 0.2638164 ; 0.3605
23146.1 ; 50 ; 0.32 ; 0.2629980 ; 0.2637551 ; 0.3604
23161.9 ; 51 ; 0.33 ; 0.2629366 ; 0.2636917 ; 0.3607
23177.4 ; 52 ; 0.33 ; 0.2629188 ; 0.2636772 ; 0.3619
23193.1 ; 53 ; 0.37 ; 0.2628654 ; 0.2636046 ; 0.3616
23208.5 ; 54 ; 0.36 ; 0.2628088 ; 0.2635585 ; 0.3613
23223.8 ; 55 ; 0.38 ; 0.2627151 ; 0.2634875 ; 0.3622
23239.1 ; 56 ; 0.36 ; 0.2626702 ; 0.2634246 ; 0.3613
23254.8 ; 57 ; 0.36 ; 0.2626287 ; 0.2633935 ; 0.3623
23270.3 ; 58 ; 0.46 ; 0.2625916 ; 0.2633487 ; 0.3625
23286.2 ; 59 ; 0.42 ; 0.2624852 ; 0.2632529 ; 0.3620
23301.7 ; 60 ; 0.36 ; 0.2624330 ; 0.2631979 ; 0.3614
23317.2 ; 61 ; 0.33 ; 0.2623990 ; 0.2631620 ; 0.3611
23332.5 ; 62 ; 0.45 ; 0.2623092 ; 0.2630773 ; 0.3604
23347.9 ; 63 ; 0.41 ; 0.2622731 ; 0.2630549 ; 0.3624
23363.3 ; 64 ; 0.39 ; 0.2622247 ; 0.2629949 ; 0.3614
23379.1 ; 65 ; 0.43 ; 0.2621946 ; 0.2629619 ; 0.3602
23394.8 ; 66 ; 0.39 ; 0.2621180 ; 0.2628811 ; 0.3628
23410.5 ; 67 ; 0.46 ; 0.2620760 ; 0.2628680 ; 0.3611
23425.9 ; 68 ; 0.37 ; 0.2620500 ; 0.2628319 ; 0.3623
23441.2 ; 69 ; 0.36 ; 0.2619875 ; 0.2627560 ; 0.3617
23456.7 ; 70 ; 0.44 ; 0.2618650 ; 0.2626556 ; 0.3633
23472.2 ; 71 ; 0.40 ; 0.2618650 ; 0.2626660 ; 0.3622
23487.5 ; 72 ; 0.33 ; 0.2618001 ; 0.2625972 ; 0.3626
23502.7 ; 73 ; 0.38 ; 0.2617374 ; 0.2625713 ; 0.3624
23518.3 ; 74 ; 0.48 ; 0.2616595 ; 0.2624862 ; 0.3616
23533.8 ; 75 ; 0.40 ; 0.2616172 ; 0.2624628 ; 0.3632
23549.3 ; 76 ; 0.39 ; 0.2616143 ; 0.2624335 ; 0.3620
23564.7 ; 77 ; 0.45 ; 0.2615059 ; 0.2623287 ; 0.3639
23580.1 ; 78 ; 0.40 ; 0.2614149 ; 0.2622382 ; 0.3639
23595.7 ; 79 ; 0.43 ; 0.2613699 ; 0.2622139 ; 0.3642
23611.5 ; 80 ; 0.32 ; 0.2613173 ; 0.2621740 ; 0.3644
23626.9 ; 81 ; 0.40 ; 0.2612756 ; 0.2621435 ; 0.3654
23642.3 ; 82 ; 0.38 ; 0.2612575 ; 0.2621173 ; 0.3646
23657.6 ; 83 ; 0.42 ; 0.2611332 ; 0.2619934 ; 0.3658
23672.9 ; 84 ; 0.38 ; 0.2610940 ; 0.2619715 ; 0.3662
23688.1 ; 85 ; 0.42 ; 0.2610720 ; 0.2619566 ; 0.3653
23703.4 ; 86 ; 0.38 ; 0.2610209 ; 0.2618972 ; 0.3660
23718.9 ; 87 ; 0.40 ; 0.2609554 ; 0.2618222 ; 0.3668
23734.9 ; 88 ; 0.36 ; 0.2608918 ; 0.2617739 ; 0.3674
23751.0 ; 89 ; 0.38 ; 0.2608397 ; 0.2617373 ; 0.3655
23766.8 ; 90 ; 0.47 ; 0.2607387 ; 0.2616229 ; 0.3663
23782.5 ; 91 ; 0.37 ; 0.2607060 ; 0.2616012 ; 0.3661
23798.0 ; 92 ; 0.33 ; 0.2606365 ; 0.2615312 ; 0.3677
23813.4 ; 93 ; 0.45 ; 0.2605904 ; 0.2614882 ; 0.3650
23828.8 ; 94 ; 0.39 ; 0.2605368 ; 0.2614428 ; 0.3645
23844.2 ; 95 ; 0.39 ; 0.2604751 ; 0.2613766 ; 0.3661
23859.4 ; 96 ; 0.34 ; 0.2604325 ; 0.2613448 ; 0.3678
23875.0 ; 97 ; 0.41 ; 0.2603451 ; 0.2612513 ; 0.3685
23891.0 ; 98 ; 0.52 ; 0.2602827 ; 0.2611931 ; 0.3691
23906.5 ; 99 ; 0.40 ; 0.2602010 ; 0.2611226 ; 0.3699
23935.2 ; 1 ; 0.42 ; 0.2600716 ; 0.2609920 ; 0.3701
23950.8 ; 2 ; 0.45 ; 0.2600693 ; 0.2609706 ; 0.3687
23966.4 ; 3 ; 0.41 ; 0.2599799 ; 0.2609095 ; 0.3691
23981.8 ; 4 ; 0.39 ; 0.2599198 ; 0.2608410 ; 0.3688
23997.5 ; 5 ; 0.39 ; 0.2598901 ; 0.2608291 ; 0.3695
24012.6 ; 6 ; 0.39 ; 0.2598323 ; 0.2607622 ; 0.3715
24027.6 ; 7 ; 0.36 ; 0.2597463 ; 0.2606660 ; 0.3713
24042.8 ; 8 ; 0.40 ; 0.2597138 ; 0.2606380 ; 0.3721
24058.1 ; 9 ; 0.43 ; 0.2596165 ; 0.2605575 ; 0.3704
24073.4 ; 10 ; 0.33 ; 0.2595953 ; 0.2605272 ; 0.3709
24088.8 ; 11 ; 0.48 ; 0.2595025 ; 0.2604249 ; 0.3717
24104.4 ; 12 ; 0.38 ; 0.2594346 ; 0.2603657 ; 0.3726
24119.9 ; 13 ; 0.43 ; 0.2593404 ; 0.2602930 ; 0.3719
24135.4 ; 14 ; 0.38 ; 0.2592973 ; 0.2602743 ; 0.3716
24151.0 ; 15 ; 0.45 ; 0.2592332 ; 0.2602064 ; 0.3726
24166.4 ; 16 ; 0.42 ; 0.2591308 ; 0.2601137 ; 0.3722
24181.9 ; 17 ; 0.45 ; 0.2590951 ; 0.2600965 ; 0.3716
24197.5 ; 18 ; 0.38 ; 0.2590720 ; 0.2600746 ; 0.3711
24213.1 ; 19 ; 0.36 ; 0.2589808 ; 0.2599742 ; 0.3736
24228.8 ; 20 ; 0.40 ; 0.2589280 ; 0.2599334 ; 0.3730
24244.3 ; 21 ; 0.39 ; 0.2589253 ; 0.2599359 ; 0.3725
24260.0 ; 22 ; 0.35 ; 0.2588595 ; 0.2598611 ; 0.3731
24275.4 ; 23 ; 0.37 ; 0.2588008 ; 0.2597998 ; 0.3750
24290.9 ; 24 ; 0.27 ; 0.2588274 ; 0.2598279 ; 0.3745
24306.5 ; 25 ; 0.31 ; 0.2587599 ; 0.2597566 ; 0.3753
24322.4 ; 26 ; 0.38 ; 0.2587074 ; 0.2597049 ; 0.3753
24337.7 ; 27 ; 0.42 ; 0.2586628 ; 0.2596651 ; 0.3743
24353.1 ; 28 ; 0.29 ; 0.2586088 ; 0.2596239 ; 0.3752
24368.4 ; 29 ; 0.31 ; 0.2585794 ; 0.2595858 ; 0.3758
24383.7 ; 30 ; 0.38 ; 0.2585686 ; 0.2595730 ; 0.3762
24399.1 ; 31 ; 0.34 ; 0.2584767 ; 0.2594954 ; 0.3757
24414.5 ; 32 ; 0.45 ; 0.2583811 ; 0.2594080 ; 0.3766
24430.3 ; 33 ; 0.39 ; 0.2583674 ; 0.2594047 ; 0.3765
24445.6 ; 34 ; 0.38 ; 0.2583482 ; 0.2593921 ; 0.3779
24461.2 ; 35 ; 0.36 ; 0.2582380 ; 0.2592701 ; 0.3783
24476.6 ; 36 ; 0.35 ; 0.2581873 ; 0.2592319 ; 0.3780
24491.8 ; 37 ; 0.40 ; 0.2581805 ; 0.2592137 ; 0.3776
24507.0 ; 38 ; 0.32 ; 0.2580949 ; 0.2591360 ; 0.3781
24522.3 ; 39 ; 0.47 ; 0.2580173 ; 0.2590520 ; 0.3772
24537.7 ; 40 ; 0.41 ; 0.2579587 ; 0.2589748 ; 0.3775
24553.1 ; 41 ; 0.33 ; 0.2579276 ; 0.2589367 ; 0.3790
24568.4 ; 42 ; 0.35 ; 0.2578758 ; 0.2588915 ; 0.3795
24583.8 ; 43 ; 0.36 ; 0.2578876 ; 0.2588939 ; 0.3787
24599.2 ; 44 ; 0.42 ; 0.2578258 ; 0.2588347 ; 0.3790
24614.4 ; 45 ; 0.30 ; 0.2577262 ; 0.2587569 ; 0.3817
24629.5 ; 46 ; 0.36 ; 0.2577281 ; 0.2587471 ; 0.3820
24644.9 ; 47 ; 0.38 ; 0.2576572 ; 0.2586758 ; 0.3805
24660.9 ; 48 ; 0.43 ; 0.2576139 ; 0.2586478 ; 0.3810
24676.9 ; 49 ; 0.33 ; 0.2575741 ; 0.2586110 ; 0.3806
24692.6 ; 50 ; 0.40 ; 0.2574991 ; 0.2585398 ; 0.3820
24708.1 ; 51 ; 0.37 ; 0.2575120 ; 0.2585482 ; 0.3809
24723.5 ; 52 ; 0.40 ; 0.2573691 ; 0.2584051 ; 0.3818
24739.2 ; 53 ; 0.31 ; 0.2573450 ; 0.2583796 ; 0.3825
24754.5 ; 54 ; 0.32 ; 0.2573013 ; 0.2583166 ; 0.3832
24770.0 ; 55 ; 0.35 ; 0.2572609 ; 0.2582828 ; 0.3839
24785.2 ; 56 ; 0.31 ; 0.2572116 ; 0.2582427 ; 0.3827
24800.7 ; 57 ; 0.42 ; 0.2571779 ; 0.2582238 ; 0.3834
24816.1 ; 58 ; 0.45 ; 0.2571577 ; 0.2582032 ; 0.3837
24831.5 ; 59 ; 0.43 ; 0.2570656 ; 0.2580956 ; 0.3848
24847.0 ; 60 ; 0.41 ; 0.2570139 ; 0.2580471 ; 0.3826
24862.4 ; 61 ; 0.30 ; 0.2569701 ; 0.2579980 ; 0.3806
24877.9 ; 62 ; 0.39 ; 0.2569475 ; 0.2579799 ; 0.3837
24893.3 ; 63 ; 0.36 ; 0.2568359 ; 0.2578591 ; 0.3846
24908.9 ; 64 ; 0.34 ; 0.2567705 ; 0.2577908 ; 0.3853
24924.5 ; 65 ; 0.29 ; 0.2567644 ; 0.2577958 ; 0.3851
24939.9 ; 66 ; 0.40 ; 0.2567165 ; 0.2577520 ; 0.3854
24955.7 ; 67 ; 0.29 ; 0.2566353 ; 0.2576617 ; 0.3849
24971.2 ; 68 ; 0.36 ; 0.2565786 ; 0.2576146 ; 0.3871
24986.9 ; 69 ; 0.46 ; 0.2565773 ; 0.2576210 ; 0.3848
25002.7 ; 70 ; 0.39 ; 0.2565138 ; 0.2575658 ; 0.3852
25018.6 ; 71 ; 0.37 ; 0.2564569 ; 0.2575152 ; 0.3865
25034.2 ; 72 ; 0.32 ; 0.2563996 ; 0.2574484 ; 0.3879
25049.4 ; 73 ; 0.37 ; 0.2563642 ; 0.2574380 ; 0.3883
25064.9 ; 74 ; 0.40 ; 0.2562773 ; 0.2573412 ; 0.3878
25080.3 ; 75 ; 0.32 ; 0.2562698 ; 0.2573310 ; 0.3885
25095.9 ; 76 ; 0.26 ; 0.2562208 ; 0.2572671 ; 0.3884
25111.8 ; 77 ; 0.37 ; 0.2561732 ; 0.2572093 ; 0.3888
25127.5 ; 78 ; 0.33 ; 0.2561029 ; 0.2571424 ; 0.3889
25143.3 ; 79 ; 0.31 ; 0.2561030 ; 0.2571392 ; 0.3893
25158.9 ; 80 ; 0.35 ; 0.2560387 ; 0.2570938 ; 0.3896
25174.6 ; 81 ; 0.33 ; 0.2560243 ; 0.2570655 ; 0.3891
25189.9 ; 82 ; 0.27 ; 0.2559866 ; 0.2570417 ; 0.3875
25205.4 ; 83 ; 0.26 ; 0.2559214 ; 0.2569789 ; 0.3886
25220.8 ; 84 ; 0.42 ; 0.2558888 ; 0.2569507 ; 0.3873
25236.5 ; 85 ; 0.34 ; 0.2558186 ; 0.2568893 ; 0.3879
25252.0 ; 86 ; 0.40 ; 0.2558128 ; 0.2568820 ; 0.3890
25267.4 ; 87 ; 0.40 ; 0.2557580 ; 0.2568352 ; 0.3902
25283.1 ; 88 ; 0.38 ; 0.2556654 ; 0.2567398 ; 0.3907
25298.4 ; 89 ; 0.32 ; 0.2556549 ; 0.2567374 ; 0.3913
25313.9 ; 90 ; 0.28 ; 0.2555858 ; 0.2566667 ; 0.3919
25329.4 ; 91 ; 0.34 ; 0.2555913 ; 0.2566639 ; 0.3918
25344.9 ; 92 ; 0.33 ; 0.2555204 ; 0.2566048 ; 0.3918
25360.3 ; 93 ; 0.33 ; 0.2554632 ; 0.2565365 ; 0.3940
25376.3 ; 94 ; 0.33 ; 0.2554546 ; 0.2565258 ; 0.3938
25391.8 ; 95 ; 0.33 ; 0.2553828 ; 0.2564535 ; 0.3944
25407.2 ; 96 ; 0.37 ; 0.2553357 ; 0.2564079 ; 0.3939
25422.5 ; 97 ; 0.36 ; 0.2553256 ; 0.2563969 ; 0.3939
25438.4 ; 98 ; 0.42 ; 0.2552665 ; 0.2563271 ; 0.3955
25453.9 ; 99 ; 0.39 ; 0.2552087 ; 0.2562788 ; 0.3944
25482.9 ; 1 ; 0.35 ; 0.2551537 ; 0.2562257 ; 0.3948
25498.4 ; 2 ; 0.41 ; 0.2551029 ; 0.2561692 ; 0.3936
25513.9 ; 3 ; 0.39 ; 0.2550383 ; 0.2561022 ; 0.3947
25529.3 ; 4 ; 0.32 ; 0.2549930 ; 0.2560799 ; 0.3951
25544.8 ; 5 ; 0.32 ; 0.2549677 ; 0.2560437 ; 0.3958
25560.1 ; 6 ; 0.42 ; 0.2549162 ; 0.2559998 ; 0.3956
25575.6 ; 7 ; 0.38 ; 0.2549055 ; 0.2559933 ; 0.3959
25591.2 ; 8 ; 0.34 ; 0.2548387 ; 0.2559270 ; 0.3945
25607.4 ; 9 ; 0.37 ; 0.2547920 ; 0.2558770 ; 0.3961
25622.7 ; 10 ; 0.44 ; 0.2547177 ; 0.2557788 ; 0.3950
25638.1 ; 11 ; 0.34 ; 0.2546755 ; 0.2557439 ; 0.3960
25653.3 ; 12 ; 0.36 ; 0.2545962 ; 0.2556683 ; 0.3949
25668.7 ; 13 ; 0.47 ; 0.2545774 ; 0.2556440 ; 0.3971
25684.0 ; 14 ; 0.35 ; 0.2545115 ; 0.2555802 ; 0.3976
25699.5 ; 15 ; 0.37 ; 0.2544905 ; 0.2555735 ; 0.3965
25715.0 ; 16 ; 0.35 ; 0.2544499 ; 0.2555163 ; 0.3975
25730.2 ; 17 ; 0.33 ; 0.2544251 ; 0.2555062 ; 0.3969
25745.3 ; 18 ; 0.32 ; 0.2543418 ; 0.2554153 ; 0.3970
25760.6 ; 19 ; 0.36 ; 0.2543816 ; 0.2554546 ; 0.3965
25776.1 ; 20 ; 0.33 ; 0.2543056 ; 0.2553823 ; 0.3976
25791.7 ; 21 ; 0.33 ; 0.2542796 ; 0.2553313 ; 0.3980
25807.4 ; 22 ; 0.30 ; 0.2542480 ; 0.2552967 ; 0.3979
25822.9 ; 23 ; 0.34 ; 0.2542039 ; 0.2552528 ; 0.3971
25838.1 ; 24 ; 0.39 ; 0.2541690 ; 0.2552209 ; 0.3975
25854.1 ; 25 ; 0.39 ; 0.2541213 ; 0.2551773 ; 0.3971
25870.2 ; 26 ; 0.34 ; 0.2540734 ; 0.2551300 ; 0.3981
25885.9 ; 27 ; 0.33 ; 0.2540522 ; 0.2551128 ; 0.3970
25901.6 ; 28 ; 0.39 ; 0.2539624 ; 0.2550173 ; 0.3988
25917.2 ; 29 ; 0.36 ; 0.2539253 ; 0.2550061 ; 0.3982
25933.0 ; 30 ; 0.32 ; 0.2539007 ; 0.2549930 ; 0.3985
25948.5 ; 31 ; 0.46 ; 0.2538378 ; 0.2549161 ; 0.3989
25964.2 ; 32 ; 0.29 ; 0.2538315 ; 0.2549032 ; 0.3969
25979.5 ; 33 ; 0.30 ; 0.2537867 ; 0.2548605 ; 0.3968
25995.1 ; 34 ; 0.26 ; 0.2537841 ; 0.2548764 ; 0.3992
26010.6 ; 35 ; 0.30 ; 0.2537188 ; 0.2548096 ; 0.3993
26026.2 ; 36 ; 0.40 ; 0.2537131 ; 0.2547989 ; 0.3983
26042.1 ; 37 ; 0.37 ; 0.2536346 ; 0.2547427 ; 0.4006
26057.6 ; 38 ; 0.45 ; 0.2536072 ; 0.2547159 ; 0.3989
26073.5 ; 39 ; 0.33 ; 0.2535410 ; 0.2546514 ; 0.4016
26089.2 ; 40 ; 0.40 ; 0.2535245 ; 0.2546243 ; 0.4003
26104.8 ; 41 ; 0.38 ; 0.2534926 ; 0.2546022 ; 0.4001
26120.3 ; 42 ; 0.26 ; 0.2534846 ; 0.2545915 ; 0.3998
26135.8 ; 43 ; 0.36 ; 0.2534320 ; 0.2545345 ; 0.4008
26151.6 ; 44 ; 0.39 ; 0.2533737 ; 0.2545152 ; 0.4006
26167.2 ; 45 ; 0.39 ; 0.2533491 ; 0.2544824 ; 0.4001
26182.6 ; 46 ; 0.28 ; 0.2533137 ; 0.2544495 ; 0.4004
26198.5 ; 47 ; 0.36 ; 0.2532727 ; 0.2544116 ; 0.3999
26214.2 ; 48 ; 0.29 ; 0.2532438 ; 0.2543830 ; 0.4008
26229.6 ; 49 ; 0.38 ; 0.2532239 ; 0.2543758 ; 0.4001
26245.3 ; 50 ; 0.31 ; 0.2531766 ; 0.2543252 ; 0.4009
26260.7 ; 51 ; 0.27 ; 0.2531834 ; 0.2543297 ; 0.4002
26276.1 ; 52 ; 0.33 ; 0.2531188 ; 0.2542665 ; 0.3999
26291.6 ; 53 ; 0.20 ; 0.2531258 ; 0.2542794 ; 0.3991
26307.1 ; 54 ; 0.32 ; 0.2530645 ; 0.2542056 ; 0.4017
26322.6 ; 55 ; 0.39 ; 0.2529780 ; 0.2541070 ; 0.4023
26338.1 ; 56 ; 0.40 ; 0.2529834 ; 0.2541317 ; 0.4021
26354.0 ; 57 ; 0.30 ; 0.2529523 ; 0.2540910 ; 0.4031
26369.7 ; 58 ; 0.38 ; 0.2528692 ; 0.2540134 ; 0.4031
26385.4 ; 59 ; 0.38 ; 0.2528557 ; 0.2540083 ; 0.4014
26401.1 ; 60 ; 0.27 ; 0.2528334 ; 0.2539636 ; 0.4030
26416.6 ; 61 ; 0.38 ; 0.2527666 ; 0.2539267 ; 0.4018
26432.5 ; 62 ; 0.35 ; 0.2527454 ; 0.2538815 ; 0.4023
26448.3 ; 63 ; 0.32 ; 0.2527290 ; 0.2538755 ; 0.4030
26463.7 ; 64 ; 0.21 ; 0.2526547 ; 0.2538085 ; 0.4017
26479.2 ; 65 ; 0.36 ; 0.2526444 ; 0.2537970 ; 0.4020
26494.5 ; 66 ; 0.31 ; 0.2526211 ; 0.2537676 ; 0.4010
26510.0 ; 67 ; 0.25 ; 0.2526457 ; 0.2537976 ; 0.4015
26525.6 ; 68 ; 0.34 ; 0.2525995 ; 0.2537450 ; 0.4009
26541.2 ; 69 ; 0.35 ; 0.2526226 ; 0.2537667 ; 0.3999
26556.8 ; 70 ; 0.25 ; 0.2525496 ; 0.2536867 ; 0.4029
26572.5 ; 71 ; 0.35 ; 0.2525290 ; 0.2536888 ; 0.4015
26587.8 ; 72 ; 0.35 ; 0.2524928 ; 0.2536354 ; 0.4015
26603.3 ; 73 ; 0.37 ; 0.2525050 ; 0.2536526 ; 0.4012
26618.7 ; 74 ; 0.30 ; 0.2524528 ; 0.2536041 ; 0.4009
26634.2 ; 75 ; 0.36 ; 0.2523460 ; 0.2534858 ; 0.4012
26649.6 ; 76 ; 0.25 ; 0.2523552 ; 0.2534941 ; 0.4005
26664.9 ; 77 ; 0.25 ; 0.2523289 ; 0.2534740 ; 0.4001
26680.3 ; 78 ; 0.31 ; 0.2522789 ; 0.2534249 ; 0.4023
26695.7 ; 79 ; 0.27 ; 0.2522849 ; 0.2534421 ; 0.4019
26711.0 ; 80 ; 0.30 ; 0.2522307 ; 0.2533726 ; 0.4027
26726.8 ; 81 ; 0.40 ; 0.2522312 ; 0.2533811 ; 0.4034
26742.7 ; 82 ; 0.32 ; 0.2521793 ; 0.2533286 ; 0.4030
26758.8 ; 83 ; 0.35 ; 0.2521201 ; 0.2532593 ; 0.4031
26774.2 ; 84 ; 0.39 ; 0.2520931 ; 0.2532209 ; 0.4038
26789.7 ; 85 ; 0.38 ; 0.2520637 ; 0.2532161 ; 0.4029
26805.2 ; 86 ; 0.39 ; 0.2519890 ; 0.2531386 ; 0.4033
26820.7 ; 87 ; 0.34 ; 0.2519602 ; 0.2530826 ; 0.4040
26835.9 ; 88 ; 0.29 ; 0.2519618 ; 0.2531181 ; 0.4028
26851.5 ; 89 ; 0.28 ; 0.2519293 ; 0.2530734 ; 0.4019
26867.2 ; 90 ; 0.26 ; 0.2519045 ; 0.2530489 ; 0.4029
26882.7 ; 91 ; 0.32 ; 0.2518649 ; 0.2530145 ; 0.4019
26898.0 ; 92 ; 0.31 ; 0.2518355 ; 0.2529757 ; 0.4031
26913.6 ; 93 ; 0.30 ; 0.2518283 ; 0.2529777 ; 0.4036
26928.9 ; 94 ; 0.26 ; 0.2517615 ; 0.2529024 ; 0.4045
26944.5 ; 95 ; 0.29 ; 0.2517273 ; 0.2528876 ; 0.4031
26959.9 ; 96 ; 0.31 ; 0.2517381 ; 0.2529089 ; 0.4031
26975.6 ; 97 ; 0.34 ; 0.2516995 ; 0.2528572 ; 0.4036
26991.0 ; 98 ; 0.27 ; 0.2516975 ; 0.2528573 ; 0.4050
27006.9 ; 99 ; 0.30 ; 0.2516672 ; 0.2528267 ; 0.4036
